{
  "field" : "golden",
  "symmetry" : "icosahedral",
  "orientations" : [ [ 1.0, 0.0, 0.0, 0.0, 0.0, 1.0, 0.0, 0.0, 0.0, 0.0, 1.0, 0.0, 0.0, 0.0, 0.0, 1.0 ], [ 0.0, 0.0, 1.0, 0.0, 1.0, 0.0, 0.0, 0.0, 0.0, 1.0, 0.0, 0.0, 0.0, 0.0, 0.0, 1.0 ], [ 0.0, 1.0, 0.0, 0.0, 0.0, 0.0, 1.0, 0.0, 1.0, 0.0, 0.0, 0.0, 0.0, 0.0, 0.0, 1.0 ], [ 0.809017, 0.309017, 0.5, 0.0, 0.309017, 0.5, -0.809017, 0.0, -0.5, 0.809017, 0.309017, 0.0, 0.0, 0.0, 0.0, 1.0 ], [ -0.5, 0.809017, 0.309017, 0.0, 0.809017, 0.309017, 0.5, 0.0, 0.309017, 0.5, -0.809017, 0.0, 0.0, 0.0, 0.0, 1.0 ], [ 0.309017, 0.5, -0.809017, 0.0, -0.5, 0.809017, 0.309017, 0.0, 0.809017, 0.309017, 0.5, 0.0, 0.0, 0.0, 0.0, 1.0 ], [ 0.5, 0.809017, 0.309017, 0.0, 0.809017, -0.309017, -0.5, 0.0, -0.309017, 0.5, -0.809017, 0.0, 0.0, 0.0, 0.0, 1.0 ], [ -0.309017, 0.5, -0.809017, 0.0, 0.5, 0.809017, 0.309017, 0.0, 0.809017, -0.309017, -0.5, 0.0, 0.0, 0.0, 0.0, 1.0 ], [ 0.809017, -0.309017, -0.5, 0.0, -0.309017, 0.5, -0.809017, 0.0, 0.5, 0.809017, 0.309017, 0.0, 0.0, 0.0, 0.0, 1.0 ], [ 0.5, 0.809017, -0.309017, 0.0, 0.809017, -0.309017, 0.5, 0.0, 0.309017, -0.5, -0.809017, 0.0, 0.0, 0.0, 0.0, 1.0 ], [ 0.309017, -0.5, -0.809017, 0.0, 0.5, 0.809017, -0.309017, 0.0, 0.809017, -0.309017, 0.5, 0.0, 0.0, 0.0, 0.0, 1.0 ], [ 0.809017, -0.309017, 0.5, 0.0, 0.309017, -0.5, -0.809017, 0.0, 0.5, 0.809017, -0.309017, 0.0, 0.0, 0.0, 0.0, 1.0 ], [ 0.809017, 0.309017, -0.5, 0.0, 0.309017, 0.5, 0.809017, 0.0, 0.5, -0.809017, 0.309017, 0.0, 0.0, 0.0, 0.0, 1.0 ], [ 0.5, -0.809017, 0.309017, 0.0, 0.809017, 0.309017, -0.5, 0.0, 0.309017, 0.5, 0.809017, 0.0, 0.0, 0.0, 0.0, 1.0 ], [ 0.309017, 0.5, 0.809017, 0.0, 0.5, -0.809017, 0.309017, 0.0, 0.809017, 0.309017, -0.5, 0.0, 0.0, 0.0, 0.0, 1.0 ], [ 1.0, 0.0, 0.0, 0.0, 0.0, -1.0, 0.0, 0.0, 0.0, 0.0, -1.0, 0.0, 0.0, 0.0, 0.0, 1.0 ], [ 0.0, 0.0, 1.0, 0.0, -1.0, 0.0, 0.0, 0.0, 0.0, -1.0, 0.0, 0.0, 0.0, 0.0, 0.0, 1.0 ], [ 0.0, 1.0, 0.0, 0.0, 0.0, 0.0, -1.0, 0.0, -1.0, 0.0, 0.0, 0.0, 0.0, 0.0, 0.0, 1.0 ], [ 0.809017, 0.309017, 0.5, 0.0, -0.309017, -0.5, 0.809017, 0.0, 0.5, -0.809017, -0.309017, 0.0, 0.0, 0.0, 0.0, 1.0 ], [ -0.5, 0.809017, 0.309017, 0.0, -0.809017, -0.309017, -0.5, 0.0, -0.309017, -0.5, 0.809017, 0.0, 0.0, 0.0, 0.0, 1.0 ], [ 0.309017, 0.5, -0.809017, 0.0, 0.5, -0.809017, -0.309017, 0.0, -0.809017, -0.309017, -0.5, 0.0, 0.0, 0.0, 0.0, 1.0 ], [ 0.5, 0.809017, 0.309017, 0.0, -0.809017, 0.309017, 0.5, 0.0, 0.309017, -0.5, 0.809017, 0.0, 0.0, 0.0, 0.0, 1.0 ], [ -0.309017, 0.5, -0.809017, 0.0, -0.5, -0.809017, -0.309017, 0.0, -0.809017, 0.309017, 0.5, 0.0, 0.0, 0.0, 0.0, 1.0 ], [ 0.809017, -0.309017, -0.5, 0.0, 0.309017, -0.5, 0.809017, 0.0, -0.5, -0.809017, -0.309017, 0.0, 0.0, 0.0, 0.0, 1.0 ], [ 0.5, 0.809017, -0.309017, 0.0, -0.809017, 0.309017, -0.5, 0.0, -0.309017, 0.5, 0.809017, 0.0, 0.0, 0.0, 0.0, 1.0 ], [ 0.309017, -0.5, -0.809017, 0.0, -0.5, -0.809017, 0.309017, 0.0, -0.809017, 0.309017, -0.5, 0.0, 0.0, 0.0, 0.0, 1.0 ], [ 0.809017, -0.309017, 0.5, 0.0, -0.309017, 0.5, 0.809017, 0.0, -0.5, -0.809017, 0.309017, 0.0, 0.0, 0.0, 0.0, 1.0 ], [ 0.809017, 0.309017, -0.5, 0.0, -0.309017, -0.5, -0.809017, 0.0, -0.5, 0.809017, -0.309017, 0.0, 0.0, 0.0, 0.0, 1.0 ], [ 0.5, -0.809017, 0.309017, 0.0, -0.809017, -0.309017, 0.5, 0.0, -0.309017, -0.5, -0.809017, 0.0, 0.0, 0.0, 0.0, 1.0 ], [ 0.309017, 0.5, 0.809017, 0.0, -0.5, 0.809017, -0.309017, 0.0, -0.809017, -0.309017, 0.5, 0.0, 0.0, 0.0, 0.0, 1.0 ], [ -1.0, 0.0, 0.0, 0.0, 0.0, -1.0, 0.0, 0.0, 0.0, 0.0, 1.0, 0.0, 0.0, 0.0, 0.0, 1.0 ], [ 0.0, 0.0, -1.0, 0.0, -1.0, 0.0, 0.0, 0.0, 0.0, 1.0, 0.0, 0.0, 0.0, 0.0, 0.0, 1.0 ], [ 0.0, -1.0, 0.0, 0.0, 0.0, 0.0, -1.0, 0.0, 1.0, 0.0, 0.0, 0.0, 0.0, 0.0, 0.0, 1.0 ], [ -0.809017, -0.309017, -0.5, 0.0, -0.309017, -0.5, 0.809017, 0.0, -0.5, 0.809017, 0.309017, 0.0, 0.0, 0.0, 0.0, 1.0 ], [ 0.5, -0.809017, -0.309017, 0.0, -0.809017, -0.309017, -0.5, 0.0, 0.309017, 0.5, -0.809017, 0.0, 0.0, 0.0, 0.0, 1.0 ], [ -0.309017, -0.5, 0.809017, 0.0, 0.5, -0.809017, -0.309017, 0.0, 0.809017, 0.309017, 0.5, 0.0, 0.0, 0.0, 0.0, 1.0 ], [ -0.5, -0.809017, -0.309017, 0.0, -0.809017, 0.309017, 0.5, 0.0, -0.309017, 0.5, -0.809017, 0.0, 0.0, 0.0, 0.0, 1.0 ], [ 0.309017, -0.5, 0.809017, 0.0, -0.5, -0.809017, -0.309017, 0.0, 0.809017, -0.309017, -0.5, 0.0, 0.0, 0.0, 0.0, 1.0 ], [ -0.809017, 0.309017, 0.5, 0.0, 0.309017, -0.5, 0.809017, 0.0, 0.5, 0.809017, 0.309017, 0.0, 0.0, 0.0, 0.0, 1.0 ], [ -0.5, -0.809017, 0.309017, 0.0, -0.809017, 0.309017, -0.5, 0.0, 0.309017, -0.5, -0.809017, 0.0, 0.0, 0.0, 0.0, 1.0 ], [ -0.309017, 0.5, 0.809017, 0.0, -0.5, -0.809017, 0.309017, 0.0, 0.809017, -0.309017, 0.5, 0.0, 0.0, 0.0, 0.0, 1.0 ], [ -0.809017, 0.309017, -0.5, 0.0, -0.309017, 0.5, 0.809017, 0.0, 0.5, 0.809017, -0.309017, 0.0, 0.0, 0.0, 0.0, 1.0 ], [ -0.809017, -0.309017, 0.5, 0.0, -0.309017, -0.5, -0.809017, 0.0, 0.5, -0.809017, 0.309017, 0.0, 0.0, 0.0, 0.0, 1.0 ], [ -0.5, 0.809017, -0.309017, 0.0, -0.809017, -0.309017, 0.5, 0.0, 0.309017, 0.5, 0.809017, 0.0, 0.0, 0.0, 0.0, 1.0 ], [ -0.309017, -0.5, -0.809017, 0.0, -0.5, 0.809017, -0.309017, 0.0, 0.809017, 0.309017, -0.5, 0.0, 0.0, 0.0, 0.0, 1.0 ], [ -1.0, 0.0, 0.0, 0.0, 0.0, 1.0, 0.0, 0.0, 0.0, 0.0, -1.0, 0.0, 0.0, 0.0, 0.0, 1.0 ], [ 0.0, 0.0, -1.0, 0.0, 1.0, 0.0, 0.0, 0.0, 0.0, -1.0, 0.0, 0.0, 0.0, 0.0, 0.0, 1.0 ], [ 0.0, -1.0, 0.0, 0.0, 0.0, 0.0, 1.0, 0.0, -1.0, 0.0, 0.0, 0.0, 0.0, 0.0, 0.0, 1.0 ], [ -0.809017, -0.309017, -0.5, 0.0, 0.309017, 0.5, -0.809017, 0.0, 0.5, -0.809017, -0.309017, 0.0, 0.0, 0.0, 0.0, 1.0 ], [ 0.5, -0.809017, -0.309017, 0.0, 0.809017, 0.309017, 0.5, 0.0, -0.309017, -0.5, 0.809017, 0.0, 0.0, 0.0, 0.0, 1.0 ], [ -0.309017, -0.5, 0.809017, 0.0, -0.5, 0.809017, 0.309017, 0.0, -0.809017, -0.309017, -0.5, 0.0, 0.0, 0.0, 0.0, 1.0 ], [ -0.5, -0.809017, -0.309017, 0.0, 0.809017, -0.309017, -0.5, 0.0, 0.309017, -0.5, 0.809017, 0.0, 0.0, 0.0, 0.0, 1.0 ], [ 0.309017, -0.5, 0.809017, 0.0, 0.5, 0.809017, 0.309017, 0.0, -0.809017, 0.309017, 0.5, 0.0, 0.0, 0.0, 0.0, 1.0 ], [ -0.809017, 0.309017, 0.5, 0.0, -0.309017, 0.5, -0.809017, 0.0, -0.5, -0.809017, -0.309017, 0.0, 0.0, 0.0, 0.0, 1.0 ], [ -0.5, -0.809017, 0.309017, 0.0, 0.809017, -0.309017, 0.5, 0.0, -0.309017, 0.5, 0.809017, 0.0, 0.0, 0.0, 0.0, 1.0 ], [ -0.309017, 0.5, 0.809017, 0.0, 0.5, 0.809017, -0.309017, 0.0, -0.809017, 0.309017, -0.5, 0.0, 0.0, 0.0, 0.0, 1.0 ], [ -0.809017, 0.309017, -0.5, 0.0, 0.309017, -0.5, -0.809017, 0.0, -0.5, -0.809017, 0.309017, 0.0, 0.0, 0.0, 0.0, 1.0 ], [ -0.809017, -0.309017, 0.5, 0.0, 0.309017, 0.5, 0.809017, 0.0, -0.5, 0.809017, -0.309017, 0.0, 0.0, 0.0, 0.0, 1.0 ], [ -0.5, 0.809017, -0.309017, 0.0, 0.809017, 0.309017, -0.5, 0.0, -0.309017, -0.5, -0.809017, 0.0, 0.0, 0.0, 0.0, 1.0 ], [ -0.309017, -0.5, -0.809017, 0.0, 0.5, -0.809017, 0.309017, 0.0, -0.809017, -0.309017, 0.5, 0.0, 0.0, 0.0, 0.0, 1.0 ] ],
  "lights" : {
    "directionalLights" : [ {
      "direction" : {
        "x" : 1.0,
        "y" : -1.0,
        "z" : -1.0
      },
      "color" : "#EBEBE4"
    }, {
      "direction" : {
        "x" : -1.0,
        "y" : 0.0,
        "z" : 0.0
      },
      "color" : "#E4E4EB"
    }, {
      "direction" : {
        "x" : 0.0,
        "y" : 0.0,
        "z" : -1.0
      },
      "color" : "#1E1E1E"
    } ],
    "backgroundColor" : "#AFC8DC",
    "ambientColor" : "#292929"
  },
  "camera" : {
    "position" : {
      "x" : 483.37128,
      "y" : 2.618034,
      "z" : 191.48552
    },
    "width" : 232.84474,
    "nearClipDistance" : 1.293582,
    "fieldOfView" : 0.44262895,
    "farClipDistance" : 1034.8651,
    "perspective" : true,
    "viewDistance" : 517.4327,
    "lookAtPoint" : {
      "x" : 0.0,
      "y" : 2.618034,
      "z" : 6.854102
    },
    "stereo" : false,
    "lookDirection" : {
      "x" : -0.93417233,
      "y" : 0.0,
      "z" : -0.3568221
    },
    "upDirection" : {
      "x" : -0.3535534,
      "y" : 0.1350454,
      "z" : 0.9256148
    }
  },
  "embedding" : [ 1.0, 0.0, 0.0, 0.0, 0.0, 1.0, 0.0, 0.0, 0.0, 0.0, 1.0, 0.0, 0.0, 0.0, 0.0, 1.0 ],
  "shapes" : [ {
    "id" : "1b0f7e1f-bdf9-4ce3-97ae-b3222a89fd0a",
    "vertices" : [ {
      "x" : -0.309017,
      "y" : -0.19098301,
      "z" : 0.0
    }, {
      "x" : -0.309017,
      "y" : 0.19098301,
      "z" : 0.0
    }, {
      "x" : -0.19098301,
      "y" : 0.0,
      "z" : -0.309017
    }, {
      "x" : -0.19098301,
      "y" : 0.0,
      "z" : 0.309017
    }, {
      "x" : 0.0,
      "y" : -0.309017,
      "z" : -0.19098301
    }, {
      "x" : 0.0,
      "y" : -0.309017,
      "z" : 0.19098301
    }, {
      "x" : 0.0,
      "y" : 0.309017,
      "z" : -0.19098301
    }, {
      "x" : 0.0,
      "y" : 0.309017,
      "z" : 0.19098301
    }, {
      "x" : 0.19098301,
      "y" : 0.0,
      "z" : -0.309017
    }, {
      "x" : 0.19098301,
      "y" : 0.0,
      "z" : 0.309017
    }, {
      "x" : 0.309017,
      "y" : -0.19098301,
      "z" : 0.0
    }, {
      "x" : 0.309017,
      "y" : 0.19098301,
      "z" : 0.0
    } ],
    "faces" : [ {
      "vertices" : [ 0, 1, 2 ]
    }, {
      "vertices" : [ 0, 3, 1 ]
    }, {
      "vertices" : [ 0, 2, 4 ]
    }, {
      "vertices" : [ 0, 5, 3 ]
    }, {
      "vertices" : [ 0, 4, 5 ]
    }, {
      "vertices" : [ 1, 6, 2 ]
    }, {
      "vertices" : [ 1, 3, 7 ]
    }, {
      "vertices" : [ 1, 7, 6 ]
    }, {
      "vertices" : [ 2, 8, 4 ]
    }, {
      "vertices" : [ 2, 6, 8 ]
    }, {
      "vertices" : [ 3, 5, 9 ]
    }, {
      "vertices" : [ 3, 9, 7 ]
    }, {
      "vertices" : [ 4, 10, 5 ]
    }, {
      "vertices" : [ 4, 8, 10 ]
    }, {
      "vertices" : [ 5, 10, 9 ]
    }, {
      "vertices" : [ 6, 7, 11 ]
    }, {
      "vertices" : [ 6, 11, 8 ]
    }, {
      "vertices" : [ 7, 9, 11 ]
    }, {
      "vertices" : [ 8, 11, 10 ]
    }, {
      "vertices" : [ 9, 10, 11 ]
    } ]
  }, {
    "id" : "d7a14b2a-9c33-43b4-a391-9f38c45373f1",
    "vertices" : [ {
      "x" : 6.854102,
      "y" : 0.0,
      "z" : -2.618034
    }, {
      "x" : 6.545085,
      "y" : 0.0,
      "z" : -2.5
    }, {
      "x" : 6.1405764,
      "y" : -0.1545085,
      "z" : -2.059017
    }, {
      "x" : 5.9495935,
      "y" : -0.1545085,
      "z" : -2.559017
    }, {
      "x" : 0.9045085,
      "y" : -0.1545085,
      "z" : -0.059016995
    }, {
      "x" : 0.809017,
      "y" : 0.309017,
      "z" : -0.309017
    }, {
      "x" : 0.309017,
      "y" : 0.0,
      "z" : -0.11803399
    }, {
      "x" : 6.045085,
      "y" : 0.309017,
      "z" : -2.309017
    }, {
      "x" : 0.7135255,
      "y" : -0.1545085,
      "z" : -0.559017
    } ],
    "faces" : [ {
      "vertices" : [ 2, 4, 8 ]
    }, {
      "vertices" : [ 2, 8, 3 ]
    }, {
      "vertices" : [ 2, 7, 5 ]
    }, {
      "vertices" : [ 2, 5, 4 ]
    }, {
      "vertices" : [ 4, 6, 8 ]
    }, {
      "vertices" : [ 5, 8, 6 ]
    }, {
      "vertices" : [ 1, 2, 3 ]
    }, {
      "vertices" : [ 3, 8, 5 ]
    }, {
      "vertices" : [ 3, 5, 7 ]
    }, {
      "vertices" : [ 1, 7, 2 ]
    }, {
      "vertices" : [ 1, 3, 7 ]
    }, {
      "vertices" : [ 4, 5, 6 ]
    } ]
  }, {
    "id" : "51cd625a-d7e0-4e1c-8777-e559dcbeb6a1",
    "vertices" : [ {
      "x" : 28.034441,
      "y" : -26.416409,
      "z" : 4.854102
    }, {
      "x" : 28.034441,
      "y" : -23.798374,
      "z" : 11.708204
    }, {
      "x" : 25.416409,
      "y" : -30.652475,
      "z" : 11.708204
    }, {
      "x" : 25.416409,
      "y" : -33.27051,
      "z" : 4.854102
    } ],
    "faces" : [ {
      "vertices" : [ 0, 1, 2 ]
    }, {
      "vertices" : [ 0, 2, 3 ]
    }, {
      "vertices" : [ 0, 3, 2 ]
    }, {
      "vertices" : [ 0, 2, 1 ]
    } ]
  }, {
    "id" : "84087188-169e-4b02-a084-564d2e3bf1df",
    "vertices" : [ {
      "x" : 24.798374,
      "y" : -4.236068,
      "z" : -3.618034
    }, {
      "x" : 22.18034,
      "y" : -11.09017,
      "z" : -3.618034
    }, {
      "x" : 17.944271,
      "y" : -6.854102,
      "z" : -7.854102
    }, {
      "x" : 20.562305,
      "y" : 0.0,
      "z" : -7.854102
    } ],
    "faces" : [ {
      "vertices" : [ 0, 1, 2 ]
    }, {
      "vertices" : [ 0, 2, 3 ]
    }, {
      "vertices" : [ 0, 3, 2 ]
    }, {
      "vertices" : [ 0, 2, 1 ]
    } ]
  }, {
    "id" : "c7befcaa-d25c-48ec-a9cb-3d6dc5e1f3a1",
    "vertices" : [ {
      "x" : 12.09017,
      "y" : 13.708204,
      "z" : -2.618034
    }, {
      "x" : 12.09017,
      "y" : 16.326239,
      "z" : 4.236068
    }, {
      "x" : 16.326239,
      "y" : 12.09017,
      "z" : 8.472136
    }, {
      "x" : 16.326239,
      "y" : 9.472136,
      "z" : 1.618034
    } ],
    "faces" : [ {
      "vertices" : [ 0, 1, 2 ]
    }, {
      "vertices" : [ 0, 2, 3 ]
    }, {
      "vertices" : [ 0, 3, 2 ]
    }, {
      "vertices" : [ 0, 2, 1 ]
    } ]
  }, {
    "id" : "4d560267-2213-4786-adac-d4b171e48802",
    "vertices" : [ {
      "x" : 34.27051,
      "y" : 15.708204,
      "z" : 28.034441
    }, {
      "x" : 34.27051,
      "y" : 18.326239,
      "z" : 34.888542
    }, {
      "x" : 38.506577,
      "y" : 14.09017,
      "z" : 39.12461
    }, {
      "x" : 38.506577,
      "y" : 11.472136,
      "z" : 32.27051
    } ],
    "faces" : [ {
      "vertices" : [ 0, 1, 2 ]
    }, {
      "vertices" : [ 0, 2, 3 ]
    }, {
      "vertices" : [ 0, 3, 2 ]
    }, {
      "vertices" : [ 0, 2, 1 ]
    } ]
  }, {
    "id" : "8ec02455-2123-4436-a39a-e87786c5ad99",
    "vertices" : [ {
      "x" : 45.36068,
      "y" : 3.618034,
      "z" : 9.09017
    }, {
      "x" : 49.59675,
      "y" : -0.618034,
      "z" : 13.326238
    }, {
      "x" : 42.742645,
      "y" : -0.618034,
      "z" : 15.944272
    }, {
      "x" : 38.506577,
      "y" : 3.618034,
      "z" : 11.708204
    } ],
    "faces" : [ {
      "vertices" : [ 0, 1, 2 ]
    }, {
      "vertices" : [ 0, 2, 3 ]
    }, {
      "vertices" : [ 0, 3, 2 ]
    }, {
      "vertices" : [ 0, 2, 1 ]
    } ]
  }, {
    "id" : "746bdbb1-e257-45e3-94af-4e864e522d77",
    "vertices" : [ {
      "x" : 40.742645,
      "y" : -36.506577,
      "z" : 24.416409
    }, {
      "x" : 33.888542,
      "y" : -36.506577,
      "z" : 27.034441
    }, {
      "x" : 33.888542,
      "y" : -39.12461,
      "z" : 20.18034
    }, {
      "x" : 40.742645,
      "y" : -39.12461,
      "z" : 17.562305
    } ],
    "faces" : [ {
      "vertices" : [ 0, 1, 2 ]
    }, {
      "vertices" : [ 0, 2, 3 ]
    }, {
      "vertices" : [ 0, 3, 2 ]
    }, {
      "vertices" : [ 0, 2, 1 ]
    } ]
  }, {
    "id" : "a45af079-7574-443a-a1c4-e8f8631b9102",
    "vertices" : [ {
      "x" : 13.708204,
      "y" : 2.618034,
      "z" : 1.618034
    }, {
      "x" : 13.708204,
      "y" : 5.236068,
      "z" : 8.472136
    }, {
      "x" : 17.944271,
      "y" : 1.0,
      "z" : 12.708204
    }, {
      "x" : 17.944271,
      "y" : -1.618034,
      "z" : 5.854102
    } ],
    "faces" : [ {
      "vertices" : [ 0, 1, 2 ]
    }, {
      "vertices" : [ 0, 2, 3 ]
    }, {
      "vertices" : [ 0, 3, 2 ]
    }, {
      "vertices" : [ 0, 2, 1 ]
    } ]
  }, {
    "id" : "51bad7a2-c617-4ee9-8d1d-8fdaaa0febff",
    "vertices" : [ {
      "x" : 52.214783,
      "y" : 8.854102,
      "z" : 20.18034
    }, {
      "x" : 45.36068,
      "y" : 8.854102,
      "z" : 22.798374
    }, {
      "x" : 42.742645,
      "y" : 2.0,
      "z" : 22.798374
    }, {
      "x" : 49.59675,
      "y" : 2.0,
      "z" : 20.18034
    } ],
    "faces" : [ {
      "vertices" : [ 0, 1, 2 ]
    }, {
      "vertices" : [ 0, 2, 3 ]
    }, {
      "vertices" : [ 0, 3, 2 ]
    }, {
      "vertices" : [ 0, 2, 1 ]
    } ]
  }, {
    "id" : "849436d1-45b0-44d8-9227-cdd60a58983c",
    "vertices" : [ {
      "x" : 23.798374,
      "y" : -24.798374,
      "z" : -6.236068
    }, {
      "x" : 30.652475,
      "y" : -24.798374,
      "z" : -8.854102
    }, {
      "x" : 28.034441,
      "y" : -31.652475,
      "z" : -8.854102
    }, {
      "x" : 21.18034,
      "y" : -31.652475,
      "z" : -6.236068
    } ],
    "faces" : [ {
      "vertices" : [ 0, 1, 2 ]
    }, {
      "vertices" : [ 0, 2, 3 ]
    }, {
      "vertices" : [ 0, 3, 2 ]
    }, {
      "vertices" : [ 0, 2, 1 ]
    } ]
  }, {
    "id" : "accfb8f2-44db-4d68-9f8f-f3853d326d83",
    "vertices" : [ {
      "x" : 32.27051,
      "y" : -33.27051,
      "z" : 2.236068
    }, {
      "x" : 36.506577,
      "y" : -37.506577,
      "z" : 6.472136
    }, {
      "x" : 29.652475,
      "y" : -37.506577,
      "z" : 9.09017
    }, {
      "x" : 25.416409,
      "y" : -33.27051,
      "z" : 4.854102
    } ],
    "faces" : [ {
      "vertices" : [ 0, 1, 2 ]
    }, {
      "vertices" : [ 0, 2, 3 ]
    }, {
      "vertices" : [ 0, 3, 2 ]
    }, {
      "vertices" : [ 0, 2, 1 ]
    } ]
  }, {
    "id" : "739c4e55-38d9-4603-91db-f6123b297909",
    "vertices" : [ {
      "x" : 9.472136,
      "y" : 6.854102,
      "z" : -2.618034
    }, {
      "x" : 13.708204,
      "y" : 2.618034,
      "z" : 1.618034
    }, {
      "x" : 6.854102,
      "y" : 2.618034,
      "z" : 4.236068
    }, {
      "x" : 2.618034,
      "y" : 6.854102,
      "z" : 0.0
    } ],
    "faces" : [ {
      "vertices" : [ 0, 1, 2 ]
    }, {
      "vertices" : [ 0, 2, 3 ]
    }, {
      "vertices" : [ 0, 3, 2 ]
    }, {
      "vertices" : [ 0, 2, 1 ]
    } ]
  }, {
    "id" : "25623276-d64b-4982-8ec8-484c8ccca237",
    "vertices" : [ {
      "x" : 35.888542,
      "y" : 4.618034,
      "z" : 32.27051
    }, {
      "x" : 35.888542,
      "y" : 7.236068,
      "z" : 39.12461
    }, {
      "x" : 40.12461,
      "y" : 3.0,
      "z" : 43.36068
    }, {
      "x" : 40.12461,
      "y" : 0.38196602,
      "z" : 36.506577
    } ],
    "faces" : [ {
      "vertices" : [ 0, 1, 2 ]
    }, {
      "vertices" : [ 0, 2, 3 ]
    }, {
      "vertices" : [ 0, 3, 2 ]
    }, {
      "vertices" : [ 0, 2, 1 ]
    } ]
  }, {
    "id" : "00c71392-3bba-43cf-8710-9531c0cd4a5d",
    "vertices" : [ {
      "x" : 15.326238,
      "y" : -11.09017,
      "z" : -1.0
    }, {
      "x" : 22.18034,
      "y" : -11.09017,
      "z" : -3.618034
    }, {
      "x" : 19.562305,
      "y" : -17.944271,
      "z" : -3.618034
    }, {
      "x" : 12.708204,
      "y" : -17.944271,
      "z" : -1.0
    } ],
    "faces" : [ {
      "vertices" : [ 0, 1, 2 ]
    }, {
      "vertices" : [ 0, 2, 3 ]
    }, {
      "vertices" : [ 0, 3, 2 ]
    }, {
      "vertices" : [ 0, 2, 1 ]
    } ]
  }, {
    "id" : "ac9f3ad2-a658-4b25-aee6-11338b87c632",
    "vertices" : [ {
      "x" : 52.832817,
      "y" : -25.416409,
      "z" : 14.944272
    }, {
      "x" : 50.214783,
      "y" : -32.27051,
      "z" : 14.944272
    }, {
      "x" : 45.978714,
      "y" : -28.034441,
      "z" : 10.708204
    }, {
      "x" : 48.59675,
      "y" : -21.18034,
      "z" : 10.708204
    } ],
    "faces" : [ {
      "vertices" : [ 0, 1, 2 ]
    }, {
      "vertices" : [ 0, 2, 3 ]
    }, {
      "vertices" : [ 0, 3, 2 ]
    }, {
      "vertices" : [ 0, 2, 1 ]
    } ]
  }, {
    "id" : "643cac85-0e07-4cba-b891-233553e7e1d7",
    "vertices" : [ {
      "x" : 28.416409,
      "y" : 20.562305,
      "z" : -7.854102
    }, {
      "x" : 32.652477,
      "y" : 16.326239,
      "z" : -3.618034
    }, {
      "x" : 25.798374,
      "y" : 16.326239,
      "z" : -1.0
    }, {
      "x" : 21.562305,
      "y" : 20.562305,
      "z" : -5.236068
    } ],
    "faces" : [ {
      "vertices" : [ 0, 1, 2 ]
    }, {
      "vertices" : [ 0, 2, 3 ]
    }, {
      "vertices" : [ 0, 3, 2 ]
    }, {
      "vertices" : [ 0, 2, 1 ]
    } ]
  }, {
    "id" : "3ffd5a95-afc3-4bd6-b8a1-9ae3bf7cb32d",
    "vertices" : [ {
      "x" : 41.742645,
      "y" : -26.416409,
      "z" : -0.38196602
    }, {
      "x" : 45.978714,
      "y" : -30.652475,
      "z" : 3.854102
    }, {
      "x" : 39.12461,
      "y" : -30.652475,
      "z" : 6.472136
    }, {
      "x" : 34.888542,
      "y" : -26.416409,
      "z" : 2.236068
    } ],
    "faces" : [ {
      "vertices" : [ 0, 1, 2 ]
    }, {
      "vertices" : [ 0, 2, 3 ]
    }, {
      "vertices" : [ 0, 3, 2 ]
    }, {
      "vertices" : [ 0, 2, 1 ]
    } ]
  }, {
    "id" : "85735299-fd7b-4775-a10e-50024d6df315",
    "vertices" : [ {
      "x" : 67.54102,
      "y" : 3.0,
      "z" : 32.888542
    }, {
      "x" : 60.686916,
      "y" : 3.0,
      "z" : 35.506577
    }, {
      "x" : 58.068882,
      "y" : -3.854102,
      "z" : 35.506577
    }, {
      "x" : 64.92299,
      "y" : -3.854102,
      "z" : 32.888542
    } ],
    "faces" : [ {
      "vertices" : [ 0, 1, 2 ]
    }, {
      "vertices" : [ 0, 2, 3 ]
    }, {
      "vertices" : [ 0, 3, 2 ]
    }, {
      "vertices" : [ 0, 2, 1 ]
    } ]
  }, {
    "id" : "e6ebd13e-db86-4e8d-aa43-b402d7570b90",
    "vertices" : [ {
      "x" : 48.59675,
      "y" : -10.708204,
      "z" : 38.12461
    }, {
      "x" : 41.742645,
      "y" : -10.708204,
      "z" : 40.742645
    }, {
      "x" : 39.12461,
      "y" : -17.562305,
      "z" : 40.742645
    }, {
      "x" : 45.978714,
      "y" : -17.562305,
      "z" : 38.12461
    } ],
    "faces" : [ {
      "vertices" : [ 0, 1, 2 ]
    }, {
      "vertices" : [ 0, 2, 3 ]
    }, {
      "vertices" : [ 0, 3, 2 ]
    }, {
      "vertices" : [ 0, 2, 1 ]
    } ]
  }, {
    "id" : "1beea81f-7ce8-45ab-a183-db3aad279ac9",
    "vertices" : [ {
      "x" : 10.09017,
      "y" : -6.472136,
      "z" : 46.978714
    }, {
      "x" : 5.854102,
      "y" : -2.236068,
      "z" : 42.742645
    }, {
      "x" : 5.854102,
      "y" : -4.854102,
      "z" : 35.888542
    }, {
      "x" : 10.09017,
      "y" : -9.09017,
      "z" : 40.12461
    } ],
    "faces" : [ {
      "vertices" : [ 0, 1, 2 ]
    }, {
      "vertices" : [ 0, 2, 3 ]
    }, {
      "vertices" : [ 0, 3, 2 ]
    }, {
      "vertices" : [ 0, 2, 1 ]
    } ]
  }, {
    "id" : "9ca77c37-080d-4bb9-9679-e2aa6f0a912f",
    "vertices" : [ {
      "x" : 30.034441,
      "y" : 14.708204,
      "z" : 10.09017
    }, {
      "x" : 30.034441,
      "y" : 17.326239,
      "z" : 16.944271
    }, {
      "x" : 27.416409,
      "y" : 10.472136,
      "z" : 16.944271
    }, {
      "x" : 27.416409,
      "y" : 7.854102,
      "z" : 10.09017
    } ],
    "faces" : [ {
      "vertices" : [ 0, 1, 2 ]
    }, {
      "vertices" : [ 0, 2, 3 ]
    }, {
      "vertices" : [ 0, 3, 2 ]
    }, {
      "vertices" : [ 0, 2, 1 ]
    } ]
  }, {
    "id" : "75cc41c6-95a1-4ac1-8f3b-90dc39f83566",
    "vertices" : [ {
      "x" : 46.978714,
      "y" : -2.236068,
      "z" : 27.034441
    }, {
      "x" : 46.978714,
      "y" : 0.38196602,
      "z" : 33.888542
    }, {
      "x" : 44.36068,
      "y" : -6.472136,
      "z" : 33.888542
    }, {
      "x" : 44.36068,
      "y" : -9.09017,
      "z" : 27.034441
    } ],
    "faces" : [ {
      "vertices" : [ 0, 1, 2 ]
    }, {
      "vertices" : [ 0, 2, 3 ]
    }, {
      "vertices" : [ 0, 3, 2 ]
    }, {
      "vertices" : [ 0, 2, 1 ]
    } ]
  }, {
    "id" : "265f8650-72cd-4777-8d02-93f9ffbe67b4",
    "vertices" : [ {
      "x" : 44.36068,
      "y" : -19.562305,
      "z" : -0.38196602
    }, {
      "x" : 44.36068,
      "y" : -16.944271,
      "z" : 6.472136
    }, {
      "x" : 48.59675,
      "y" : -21.18034,
      "z" : 10.708204
    }, {
      "x" : 48.59675,
      "y" : -23.798374,
      "z" : 3.854102
    } ],
    "faces" : [ {
      "vertices" : [ 0, 1, 2 ]
    }, {
      "vertices" : [ 0, 2, 3 ]
    }, {
      "vertices" : [ 0, 3, 2 ]
    }, {
      "vertices" : [ 0, 2, 1 ]
    } ]
  }, {
    "id" : "0276fe2d-2e4f-45e2-a1dd-5979e57ee45c",
    "vertices" : [ {
      "x" : 4.236068,
      "y" : 6.236068,
      "z" : 31.652475
    }, {
      "x" : 4.236068,
      "y" : 3.618034,
      "z" : 24.798374
    }, {
      "x" : 1.618034,
      "y" : -3.236068,
      "z" : 24.798374
    }, {
      "x" : 1.618034,
      "y" : -0.618034,
      "z" : 31.652475
    } ],
    "faces" : [ {
      "vertices" : [ 0, 1, 2 ]
    }, {
      "vertices" : [ 0, 2, 3 ]
    }, {
      "vertices" : [ 0, 3, 2 ]
    }, {
      "vertices" : [ 0, 2, 1 ]
    } ]
  }, {
    "id" : "a5a31b35-e21e-416a-babb-807672c1de8b",
    "vertices" : [ {
      "x" : 34.888542,
      "y" : -18.562305,
      "z" : 22.798374
    }, {
      "x" : 34.888542,
      "y" : -15.944272,
      "z" : 29.652475
    }, {
      "x" : 32.27051,
      "y" : -22.798374,
      "z" : 29.652475
    }, {
      "x" : 32.27051,
      "y" : -25.416409,
      "z" : 22.798374
    } ],
    "faces" : [ {
      "vertices" : [ 0, 1, 2 ]
    }, {
      "vertices" : [ 0, 2, 3 ]
    }, {
      "vertices" : [ 0, 3, 2 ]
    }, {
      "vertices" : [ 0, 2, 1 ]
    } ]
  }, {
    "id" : "9554a28f-5b26-47a9-84a1-dd1a5c8231b0",
    "vertices" : [ {
      "x" : 30.034441,
      "y" : 14.708204,
      "z" : 10.09017
    }, {
      "x" : 27.416409,
      "y" : 7.854102,
      "z" : 10.09017
    }, {
      "x" : 23.18034,
      "y" : 12.09017,
      "z" : 5.854102
    }, {
      "x" : 25.798374,
      "y" : 18.944271,
      "z" : 5.854102
    } ],
    "faces" : [ {
      "vertices" : [ 0, 1, 2 ]
    }, {
      "vertices" : [ 0, 2, 3 ]
    }, {
      "vertices" : [ 0, 3, 2 ]
    }, {
      "vertices" : [ 0, 2, 1 ]
    } ]
  }, {
    "id" : "6cd7a65e-b556-49f0-82c9-9646650e0210",
    "vertices" : [ {
      "x" : 52.832817,
      "y" : -25.416409,
      "z" : 14.944272
    }, {
      "x" : 52.832817,
      "y" : -22.798374,
      "z" : 21.798374
    }, {
      "x" : 50.214783,
      "y" : -29.652475,
      "z" : 21.798374
    }, {
      "x" : 50.214783,
      "y" : -32.27051,
      "z" : 14.944272
    } ],
    "faces" : [ {
      "vertices" : [ 0, 1, 2 ]
    }, {
      "vertices" : [ 0, 2, 3 ]
    }, {
      "vertices" : [ 0, 3, 2 ]
    }, {
      "vertices" : [ 0, 2, 1 ]
    } ]
  }, {
    "id" : "6614105e-5691-4591-bd36-e369ebaf3bac",
    "vertices" : [ {
      "x" : 46.978714,
      "y" : -12.708204,
      "z" : -0.38196602
    }, {
      "x" : 44.36068,
      "y" : -19.562305,
      "z" : -0.38196602
    }, {
      "x" : 40.12461,
      "y" : -15.326238,
      "z" : -4.618034
    }, {
      "x" : 42.742645,
      "y" : -8.472136,
      "z" : -4.618034
    } ],
    "faces" : [ {
      "vertices" : [ 0, 1, 2 ]
    }, {
      "vertices" : [ 0, 2, 3 ]
    }, {
      "vertices" : [ 0, 3, 2 ]
    }, {
      "vertices" : [ 0, 2, 1 ]
    } ]
  }, {
    "id" : "ad6edbe8-938e-4158-bcd3-a2d122f70314",
    "vertices" : [ {
      "x" : 43.742645,
      "y" : 9.472136,
      "z" : -8.854102
    }, {
      "x" : 43.742645,
      "y" : 12.09017,
      "z" : -2.0
    }, {
      "x" : 41.12461,
      "y" : 5.236068,
      "z" : -2.0
    }, {
      "x" : 41.12461,
      "y" : 2.618034,
      "z" : -8.854102
    } ],
    "faces" : [ {
      "vertices" : [ 0, 1, 2 ]
    }, {
      "vertices" : [ 0, 2, 3 ]
    }, {
      "vertices" : [ 0, 3, 2 ]
    }, {
      "vertices" : [ 0, 2, 1 ]
    } ]
  }, {
    "id" : "f13456e0-8c5d-4ce4-9ee0-291ea5136227",
    "vertices" : [ {
      "x" : 71.777084,
      "y" : -9.09017,
      "z" : 16.562305
    }, {
      "x" : 71.777084,
      "y" : -6.472136,
      "z" : 23.416409
    }, {
      "x" : 76.01315,
      "y" : -10.708204,
      "z" : 27.652475
    }, {
      "x" : 76.01315,
      "y" : -13.326238,
      "z" : 20.798374
    } ],
    "faces" : [ {
      "vertices" : [ 0, 1, 2 ]
    }, {
      "vertices" : [ 0, 2, 3 ]
    }, {
      "vertices" : [ 0, 3, 2 ]
    }, {
      "vertices" : [ 0, 2, 1 ]
    } ]
  }, {
    "id" : "5eb4e855-074f-493c-a560-447ec6459290",
    "vertices" : [ {
      "x" : 45.36068,
      "y" : 8.854102,
      "z" : 22.798374
    }, {
      "x" : 45.36068,
      "y" : 11.472136,
      "z" : 29.652475
    }, {
      "x" : 42.742645,
      "y" : 4.618034,
      "z" : 29.652475
    }, {
      "x" : 42.742645,
      "y" : 2.0,
      "z" : 22.798374
    } ],
    "faces" : [ {
      "vertices" : [ 0, 1, 2 ]
    }, {
      "vertices" : [ 0, 2, 3 ]
    }, {
      "vertices" : [ 0, 3, 2 ]
    }, {
      "vertices" : [ 0, 2, 1 ]
    } ]
  }, {
    "id" : "455c9b46-265d-41e3-9377-dff7b8975496",
    "vertices" : [ {
      "x" : 25.798374,
      "y" : 16.326239,
      "z" : -1.0
    }, {
      "x" : 25.798374,
      "y" : 18.944271,
      "z" : 5.854102
    }, {
      "x" : 23.18034,
      "y" : 12.09017,
      "z" : 5.854102
    }, {
      "x" : 23.18034,
      "y" : 9.472136,
      "z" : -1.0
    } ],
    "faces" : [ {
      "vertices" : [ 0, 1, 2 ]
    }, {
      "vertices" : [ 0, 2, 3 ]
    }, {
      "vertices" : [ 0, 3, 2 ]
    }, {
      "vertices" : [ 0, 2, 1 ]
    } ]
  }, {
    "id" : "386f6472-0f01-4df9-8608-f964729f4736",
    "vertices" : [ {
      "x" : 47.978714,
      "y" : 13.09017,
      "z" : 15.944272
    }, {
      "x" : 41.12461,
      "y" : 13.09017,
      "z" : 18.562305
    }, {
      "x" : 41.12461,
      "y" : 10.472136,
      "z" : 11.708204
    }, {
      "x" : 47.978714,
      "y" : 10.472136,
      "z" : 9.09017
    } ],
    "faces" : [ {
      "vertices" : [ 0, 1, 2 ]
    }, {
      "vertices" : [ 0, 2, 3 ]
    }, {
      "vertices" : [ 0, 3, 2 ]
    }, {
      "vertices" : [ 0, 2, 1 ]
    } ]
  }, {
    "id" : "31a70963-2509-4fdd-ada0-852e889b7224",
    "vertices" : [ {
      "x" : 30.034441,
      "y" : 9.472136,
      "z" : -3.618034
    }, {
      "x" : 30.034441,
      "y" : 6.854102,
      "z" : -10.472136
    }, {
      "x" : 23.18034,
      "y" : 6.854102,
      "z" : -7.854102
    }, {
      "x" : 23.18034,
      "y" : 9.472136,
      "z" : -1.0
    } ],
    "faces" : [ {
      "vertices" : [ 0, 1, 2 ]
    }, {
      "vertices" : [ 0, 2, 3 ]
    }, {
      "vertices" : [ 0, 3, 2 ]
    }, {
      "vertices" : [ 0, 2, 1 ]
    } ]
  }, {
    "id" : "d9f0256d-6749-41cc-afa4-7c40cefd7ae8",
    "vertices" : [ {
      "x" : 46.978714,
      "y" : 0.38196602,
      "z" : 33.888542
    }, {
      "x" : 40.12461,
      "y" : 0.38196602,
      "z" : 36.506577
    }, {
      "x" : 37.506577,
      "y" : -6.472136,
      "z" : 36.506577
    }, {
      "x" : 44.36068,
      "y" : -6.472136,
      "z" : 33.888542
    } ],
    "faces" : [ {
      "vertices" : [ 0, 1, 2 ]
    }, {
      "vertices" : [ 0, 2, 3 ]
    }, {
      "vertices" : [ 0, 3, 2 ]
    }, {
      "vertices" : [ 0, 2, 1 ]
    } ]
  }, {
    "id" : "be479910-7032-4855-ad18-5c84ae2dca74",
    "vertices" : [ {
      "x" : 19.562305,
      "y" : -17.944271,
      "z" : -3.618034
    }, {
      "x" : 23.798374,
      "y" : -22.18034,
      "z" : 0.618034
    }, {
      "x" : 16.944271,
      "y" : -22.18034,
      "z" : 3.236068
    }, {
      "x" : 12.708204,
      "y" : -17.944271,
      "z" : -1.0
    } ],
    "faces" : [ {
      "vertices" : [ 0, 1, 2 ]
    }, {
      "vertices" : [ 0, 2, 3 ]
    }, {
      "vertices" : [ 0, 3, 2 ]
    }, {
      "vertices" : [ 0, 2, 1 ]
    } ]
  }, {
    "id" : "5302cbba-e1ac-470e-b75e-0fa42cf897c3",
    "vertices" : [ {
      "x" : 47.978714,
      "y" : 13.09017,
      "z" : 15.944272
    }, {
      "x" : 52.214783,
      "y" : 8.854102,
      "z" : 20.18034
    }, {
      "x" : 45.36068,
      "y" : 8.854102,
      "z" : 22.798374
    }, {
      "x" : 41.12461,
      "y" : 13.09017,
      "z" : 18.562305
    } ],
    "faces" : [ {
      "vertices" : [ 0, 1, 2 ]
    }, {
      "vertices" : [ 0, 2, 3 ]
    }, {
      "vertices" : [ 0, 3, 2 ]
    }, {
      "vertices" : [ 0, 2, 1 ]
    } ]
  }, {
    "id" : "b8e06177-9f0f-48b8-8902-777c4852276a",
    "vertices" : [ {
      "x" : 18.562305,
      "y" : -20.18034,
      "z" : 41.742645
    }, {
      "x" : 14.326238,
      "y" : -15.944272,
      "z" : 37.506577
    }, {
      "x" : 14.326238,
      "y" : -18.562305,
      "z" : 30.652475
    }, {
      "x" : 18.562305,
      "y" : -22.798374,
      "z" : 34.888542
    } ],
    "faces" : [ {
      "vertices" : [ 0, 1, 2 ]
    }, {
      "vertices" : [ 0, 2, 3 ]
    }, {
      "vertices" : [ 0, 3, 2 ]
    }, {
      "vertices" : [ 0, 2, 1 ]
    } ]
  }, {
    "id" : "b3e2c66e-f0fb-4a56-9a03-424a38f15147",
    "vertices" : [ {
      "x" : 20.562305,
      "y" : 10.472136,
      "z" : 19.562305
    }, {
      "x" : 13.708204,
      "y" : 10.472136,
      "z" : 22.18034
    }, {
      "x" : 11.09017,
      "y" : 3.618034,
      "z" : 22.18034
    }, {
      "x" : 17.944271,
      "y" : 3.618034,
      "z" : 19.562305
    } ],
    "faces" : [ {
      "vertices" : [ 0, 1, 2 ]
    }, {
      "vertices" : [ 0, 2, 3 ]
    }, {
      "vertices" : [ 0, 3, 2 ]
    }, {
      "vertices" : [ 0, 2, 1 ]
    } ]
  }, {
    "id" : "3f291cdf-2f71-4c50-b314-bbea71fc043c",
    "vertices" : [ {
      "x" : 12.09017,
      "y" : 16.326239,
      "z" : 4.236068
    }, {
      "x" : 12.09017,
      "y" : 13.708204,
      "z" : -2.618034
    }, {
      "x" : 5.236068,
      "y" : 13.708204,
      "z" : 0.0
    }, {
      "x" : 5.236068,
      "y" : 16.326239,
      "z" : 6.854102
    } ],
    "faces" : [ {
      "vertices" : [ 0, 1, 2 ]
    }, {
      "vertices" : [ 0, 2, 3 ]
    }, {
      "vertices" : [ 0, 3, 2 ]
    }, {
      "vertices" : [ 0, 2, 1 ]
    } ]
  }, {
    "id" : "0cca9c8e-e530-4a99-88ed-d0785555f8f8",
    "vertices" : [ {
      "x" : 71.777084,
      "y" : -11.708204,
      "z" : 9.708204
    }, {
      "x" : 69.15905,
      "y" : -18.562305,
      "z" : 9.708204
    }, {
      "x" : 64.92299,
      "y" : -14.326238,
      "z" : 5.472136
    }, {
      "x" : 67.54102,
      "y" : -7.472136,
      "z" : 5.472136
    } ],
    "faces" : [ {
      "vertices" : [ 0, 1, 2 ]
    }, {
      "vertices" : [ 0, 2, 3 ]
    }, {
      "vertices" : [ 0, 3, 2 ]
    }, {
      "vertices" : [ 0, 2, 1 ]
    } ]
  }, {
    "id" : "34c8772c-2869-4544-bdd1-09b82bc98364",
    "vertices" : [ {
      "x" : 41.12461,
      "y" : 15.708204,
      "z" : 25.416409
    }, {
      "x" : 34.27051,
      "y" : 15.708204,
      "z" : 28.034441
    }, {
      "x" : 34.27051,
      "y" : 13.09017,
      "z" : 21.18034
    }, {
      "x" : 41.12461,
      "y" : 13.09017,
      "z" : 18.562305
    } ],
    "faces" : [ {
      "vertices" : [ 0, 1, 2 ]
    }, {
      "vertices" : [ 0, 2, 3 ]
    }, {
      "vertices" : [ 0, 3, 2 ]
    }, {
      "vertices" : [ 0, 2, 1 ]
    } ]
  }, {
    "id" : "4bbfa351-fca4-4a58-bc74-3ca9950db8aa",
    "vertices" : [ {
      "x" : 22.18034,
      "y" : 2.0,
      "z" : 30.652475
    }, {
      "x" : 26.416409,
      "y" : -2.236068,
      "z" : 34.888542
    }, {
      "x" : 19.562305,
      "y" : -2.236068,
      "z" : 37.506577
    }, {
      "x" : 15.326238,
      "y" : 2.0,
      "z" : 33.27051
    } ],
    "faces" : [ {
      "vertices" : [ 0, 1, 2 ]
    }, {
      "vertices" : [ 0, 2, 3 ]
    }, {
      "vertices" : [ 0, 3, 2 ]
    }, {
      "vertices" : [ 0, 2, 1 ]
    } ]
  }, {
    "id" : "bb9829d1-5f65-4331-b325-b0baf3349bbd",
    "vertices" : [ {
      "x" : 49.59675,
      "y" : -11.09017,
      "z" : -14.09017
    }, {
      "x" : 49.59675,
      "y" : -8.472136,
      "z" : -7.236068
    }, {
      "x" : 53.832817,
      "y" : -12.708204,
      "z" : -3.0
    }, {
      "x" : 53.832817,
      "y" : -15.326238,
      "z" : -9.854102
    } ],
    "faces" : [ {
      "vertices" : [ 0, 1, 2 ]
    }, {
      "vertices" : [ 0, 2, 3 ]
    }, {
      "vertices" : [ 0, 3, 2 ]
    }, {
      "vertices" : [ 0, 2, 1 ]
    } ]
  }, {
    "id" : "3f6ce9ab-af75-4f01-a0e0-331b587b08e5",
    "vertices" : [ {
      "x" : 30.652475,
      "y" : -11.708204,
      "z" : 25.416409
    }, {
      "x" : 34.888542,
      "y" : -15.944272,
      "z" : 29.652475
    }, {
      "x" : 28.034441,
      "y" : -15.944272,
      "z" : 32.27051
    }, {
      "x" : 23.798374,
      "y" : -11.708204,
      "z" : 28.034441
    } ],
    "faces" : [ {
      "vertices" : [ 0, 1, 2 ]
    }, {
      "vertices" : [ 0, 2, 3 ]
    }, {
      "vertices" : [ 0, 3, 2 ]
    }, {
      "vertices" : [ 0, 2, 1 ]
    } ]
  }, {
    "id" : "c7611ee3-7906-4efa-bd20-8663ba9559db",
    "vertices" : [ {
      "x" : 41.12461,
      "y" : 10.472136,
      "z" : 11.708204
    }, {
      "x" : 41.12461,
      "y" : 13.09017,
      "z" : 18.562305
    }, {
      "x" : 38.506577,
      "y" : 6.236068,
      "z" : 18.562305
    }, {
      "x" : 38.506577,
      "y" : 3.618034,
      "z" : 11.708204
    } ],
    "faces" : [ {
      "vertices" : [ 0, 1, 2 ]
    }, {
      "vertices" : [ 0, 2, 3 ]
    }, {
      "vertices" : [ 0, 3, 2 ]
    }, {
      "vertices" : [ 0, 2, 1 ]
    } ]
  }, {
    "id" : "8ae75e11-361a-4b75-97c7-4571c5485362",
    "vertices" : [ {
      "x" : 59.068882,
      "y" : 16.708204,
      "z" : 38.12461
    }, {
      "x" : 52.214783,
      "y" : 16.708204,
      "z" : 40.742645
    }, {
      "x" : 49.59675,
      "y" : 9.854102,
      "z" : 40.742645
    }, {
      "x" : 56.45085,
      "y" : 9.854102,
      "z" : 38.12461
    } ],
    "faces" : [ {
      "vertices" : [ 0, 1, 2 ]
    }, {
      "vertices" : [ 0, 2, 3 ]
    }, {
      "vertices" : [ 0, 3, 2 ]
    }, {
      "vertices" : [ 0, 2, 1 ]
    } ]
  }, {
    "id" : "a55b80f4-9051-4fd9-99ec-4612df3a1a91",
    "vertices" : [ {
      "x" : 59.068882,
      "y" : 6.236068,
      "z" : 10.708204
    }, {
      "x" : 59.068882,
      "y" : 8.854102,
      "z" : 17.562305
    }, {
      "x" : 63.30495,
      "y" : 4.618034,
      "z" : 21.798374
    }, {
      "x" : 63.30495,
      "y" : 2.0,
      "z" : 14.944272
    } ],
    "faces" : [ {
      "vertices" : [ 0, 1, 2 ]
    }, {
      "vertices" : [ 0, 2, 3 ]
    }, {
      "vertices" : [ 0, 3, 2 ]
    }, {
      "vertices" : [ 0, 2, 1 ]
    } ]
  }, {
    "id" : "ba60298e-3a15-4682-b553-1e3527bb473a",
    "vertices" : [ {
      "x" : 58.068882,
      "y" : -3.854102,
      "z" : 35.506577
    }, {
      "x" : 53.832817,
      "y" : 0.38196602,
      "z" : 31.27051
    }, {
      "x" : 46.978714,
      "y" : 0.38196602,
      "z" : 33.888542
    }, {
      "x" : 51.214783,
      "y" : -3.854102,
      "z" : 38.12461
    } ],
    "faces" : [ {
      "vertices" : [ 0, 1, 2 ]
    }, {
      "vertices" : [ 0, 2, 3 ]
    }, {
      "vertices" : [ 0, 3, 2 ]
    }, {
      "vertices" : [ 0, 2, 1 ]
    } ]
  }, {
    "id" : "6639e5db-fbd9-44a6-a980-2d223c67e66a",
    "vertices" : [ {
      "x" : 39.12461,
      "y" : -20.18034,
      "z" : 33.888542
    }, {
      "x" : 39.12461,
      "y" : -17.562305,
      "z" : 40.742645
    }, {
      "x" : 36.506577,
      "y" : -24.416409,
      "z" : 40.742645
    }, {
      "x" : 36.506577,
      "y" : -27.034441,
      "z" : 33.888542
    } ],
    "faces" : [ {
      "vertices" : [ 0, 1, 2 ]
    }, {
      "vertices" : [ 0, 2, 3 ]
    }, {
      "vertices" : [ 0, 3, 2 ]
    }, {
      "vertices" : [ 0, 2, 1 ]
    } ]
  }, {
