{
  "field" : "golden",
  "symmetry" : "icosahedral",
  "orientations" : [ [ 1.0, 0.0, 0.0, 0.0, 0.0, 1.0, 0.0, 0.0, 0.0, 0.0, 1.0, 0.0, 0.0, 0.0, 0.0, 1.0 ], [ 0.0, 0.0, 1.0, 0.0, 1.0, 0.0, 0.0, 0.0, 0.0, 1.0, 0.0, 0.0, 0.0, 0.0, 0.0, 1.0 ], [ 0.0, 1.0, 0.0, 0.0, 0.0, 0.0, 1.0, 0.0, 1.0, 0.0, 0.0, 0.0, 0.0, 0.0, 0.0, 1.0 ], [ 0.809017, 0.309017, 0.5, 0.0, 0.309017, 0.5, -0.809017, 0.0, -0.5, 0.809017, 0.309017, 0.0, 0.0, 0.0, 0.0, 1.0 ], [ -0.5, 0.809017, 0.309017, 0.0, 0.809017, 0.309017, 0.5, 0.0, 0.309017, 0.5, -0.809017, 0.0, 0.0, 0.0, 0.0, 1.0 ], [ 0.309017, 0.5, -0.809017, 0.0, -0.5, 0.809017, 0.309017, 0.0, 0.809017, 0.309017, 0.5, 0.0, 0.0, 0.0, 0.0, 1.0 ], [ 0.5, 0.809017, 0.309017, 0.0, 0.809017, -0.309017, -0.5, 0.0, -0.309017, 0.5, -0.809017, 0.0, 0.0, 0.0, 0.0, 1.0 ], [ -0.309017, 0.5, -0.809017, 0.0, 0.5, 0.809017, 0.309017, 0.0, 0.809017, -0.309017, -0.5, 0.0, 0.0, 0.0, 0.0, 1.0 ], [ 0.809017, -0.309017, -0.5, 0.0, -0.309017, 0.5, -0.809017, 0.0, 0.5, 0.809017, 0.309017, 0.0, 0.0, 0.0, 0.0, 1.0 ], [ 0.5, 0.809017, -0.309017, 0.0, 0.809017, -0.309017, 0.5, 0.0, 0.309017, -0.5, -0.809017, 0.0, 0.0, 0.0, 0.0, 1.0 ], [ 0.309017, -0.5, -0.809017, 0.0, 0.5, 0.809017, -0.309017, 0.0, 0.809017, -0.309017, 0.5, 0.0, 0.0, 0.0, 0.0, 1.0 ], [ 0.809017, -0.309017, 0.5, 0.0, 0.309017, -0.5, -0.809017, 0.0, 0.5, 0.809017, -0.309017, 0.0, 0.0, 0.0, 0.0, 1.0 ], [ 0.809017, 0.309017, -0.5, 0.0, 0.309017, 0.5, 0.809017, 0.0, 0.5, -0.809017, 0.309017, 0.0, 0.0, 0.0, 0.0, 1.0 ], [ 0.5, -0.809017, 0.309017, 0.0, 0.809017, 0.309017, -0.5, 0.0, 0.309017, 0.5, 0.809017, 0.0, 0.0, 0.0, 0.0, 1.0 ], [ 0.309017, 0.5, 0.809017, 0.0, 0.5, -0.809017, 0.309017, 0.0, 0.809017, 0.309017, -0.5, 0.0, 0.0, 0.0, 0.0, 1.0 ], [ 1.0, 0.0, 0.0, 0.0, 0.0, -1.0, 0.0, 0.0, 0.0, 0.0, -1.0, 0.0, 0.0, 0.0, 0.0, 1.0 ], [ 0.0, 0.0, 1.0, 0.0, -1.0, 0.0, 0.0, 0.0, 0.0, -1.0, 0.0, 0.0, 0.0, 0.0, 0.0, 1.0 ], [ 0.0, 1.0, 0.0, 0.0, 0.0, 0.0, -1.0, 0.0, -1.0, 0.0, 0.0, 0.0, 0.0, 0.0, 0.0, 1.0 ], [ 0.809017, 0.309017, 0.5, 0.0, -0.309017, -0.5, 0.809017, 0.0, 0.5, -0.809017, -0.309017, 0.0, 0.0, 0.0, 0.0, 1.0 ], [ -0.5, 0.809017, 0.309017, 0.0, -0.809017, -0.309017, -0.5, 0.0, -0.309017, -0.5, 0.809017, 0.0, 0.0, 0.0, 0.0, 1.0 ], [ 0.309017, 0.5, -0.809017, 0.0, 0.5, -0.809017, -0.309017, 0.0, -0.809017, -0.309017, -0.5, 0.0, 0.0, 0.0, 0.0, 1.0 ], [ 0.5, 0.809017, 0.309017, 0.0, -0.809017, 0.309017, 0.5, 0.0, 0.309017, -0.5, 0.809017, 0.0, 0.0, 0.0, 0.0, 1.0 ], [ -0.309017, 0.5, -0.809017, 0.0, -0.5, -0.809017, -0.309017, 0.0, -0.809017, 0.309017, 0.5, 0.0, 0.0, 0.0, 0.0, 1.0 ], [ 0.809017, -0.309017, -0.5, 0.0, 0.309017, -0.5, 0.809017, 0.0, -0.5, -0.809017, -0.309017, 0.0, 0.0, 0.0, 0.0, 1.0 ], [ 0.5, 0.809017, -0.309017, 0.0, -0.809017, 0.309017, -0.5, 0.0, -0.309017, 0.5, 0.809017, 0.0, 0.0, 0.0, 0.0, 1.0 ], [ 0.309017, -0.5, -0.809017, 0.0, -0.5, -0.809017, 0.309017, 0.0, -0.809017, 0.309017, -0.5, 0.0, 0.0, 0.0, 0.0, 1.0 ], [ 0.809017, -0.309017, 0.5, 0.0, -0.309017, 0.5, 0.809017, 0.0, -0.5, -0.809017, 0.309017, 0.0, 0.0, 0.0, 0.0, 1.0 ], [ 0.809017, 0.309017, -0.5, 0.0, -0.309017, -0.5, -0.809017, 0.0, -0.5, 0.809017, -0.309017, 0.0, 0.0, 0.0, 0.0, 1.0 ], [ 0.5, -0.809017, 0.309017, 0.0, -0.809017, -0.309017, 0.5, 0.0, -0.309017, -0.5, -0.809017, 0.0, 0.0, 0.0, 0.0, 1.0 ], [ 0.309017, 0.5, 0.809017, 0.0, -0.5, 0.809017, -0.309017, 0.0, -0.809017, -0.309017, 0.5, 0.0, 0.0, 0.0, 0.0, 1.0 ], [ -1.0, 0.0, 0.0, 0.0, 0.0, -1.0, 0.0, 0.0, 0.0, 0.0, 1.0, 0.0, 0.0, 0.0, 0.0, 1.0 ], [ 0.0, 0.0, -1.0, 0.0, -1.0, 0.0, 0.0, 0.0, 0.0, 1.0, 0.0, 0.0, 0.0, 0.0, 0.0, 1.0 ], [ 0.0, -1.0, 0.0, 0.0, 0.0, 0.0, -1.0, 0.0, 1.0, 0.0, 0.0, 0.0, 0.0, 0.0, 0.0, 1.0 ], [ -0.809017, -0.309017, -0.5, 0.0, -0.309017, -0.5, 0.809017, 0.0, -0.5, 0.809017, 0.309017, 0.0, 0.0, 0.0, 0.0, 1.0 ], [ 0.5, -0.809017, -0.309017, 0.0, -0.809017, -0.309017, -0.5, 0.0, 0.309017, 0.5, -0.809017, 0.0, 0.0, 0.0, 0.0, 1.0 ], [ -0.309017, -0.5, 0.809017, 0.0, 0.5, -0.809017, -0.309017, 0.0, 0.809017, 0.309017, 0.5, 0.0, 0.0, 0.0, 0.0, 1.0 ], [ -0.5, -0.809017, -0.309017, 0.0, -0.809017, 0.309017, 0.5, 0.0, -0.309017, 0.5, -0.809017, 0.0, 0.0, 0.0, 0.0, 1.0 ], [ 0.309017, -0.5, 0.809017, 0.0, -0.5, -0.809017, -0.309017, 0.0, 0.809017, -0.309017, -0.5, 0.0, 0.0, 0.0, 0.0, 1.0 ], [ -0.809017, 0.309017, 0.5, 0.0, 0.309017, -0.5, 0.809017, 0.0, 0.5, 0.809017, 0.309017, 0.0, 0.0, 0.0, 0.0, 1.0 ], [ -0.5, -0.809017, 0.309017, 0.0, -0.809017, 0.309017, -0.5, 0.0, 0.309017, -0.5, -0.809017, 0.0, 0.0, 0.0, 0.0, 1.0 ], [ -0.309017, 0.5, 0.809017, 0.0, -0.5, -0.809017, 0.309017, 0.0, 0.809017, -0.309017, 0.5, 0.0, 0.0, 0.0, 0.0, 1.0 ], [ -0.809017, 0.309017, -0.5, 0.0, -0.309017, 0.5, 0.809017, 0.0, 0.5, 0.809017, -0.309017, 0.0, 0.0, 0.0, 0.0, 1.0 ], [ -0.809017, -0.309017, 0.5, 0.0, -0.309017, -0.5, -0.809017, 0.0, 0.5, -0.809017, 0.309017, 0.0, 0.0, 0.0, 0.0, 1.0 ], [ -0.5, 0.809017, -0.309017, 0.0, -0.809017, -0.309017, 0.5, 0.0, 0.309017, 0.5, 0.809017, 0.0, 0.0, 0.0, 0.0, 1.0 ], [ -0.309017, -0.5, -0.809017, 0.0, -0.5, 0.809017, -0.309017, 0.0, 0.809017, 0.309017, -0.5, 0.0, 0.0, 0.0, 0.0, 1.0 ], [ -1.0, 0.0, 0.0, 0.0, 0.0, 1.0, 0.0, 0.0, 0.0, 0.0, -1.0, 0.0, 0.0, 0.0, 0.0, 1.0 ], [ 0.0, 0.0, -1.0, 0.0, 1.0, 0.0, 0.0, 0.0, 0.0, -1.0, 0.0, 0.0, 0.0, 0.0, 0.0, 1.0 ], [ 0.0, -1.0, 0.0, 0.0, 0.0, 0.0, 1.0, 0.0, -1.0, 0.0, 0.0, 0.0, 0.0, 0.0, 0.0, 1.0 ], [ -0.809017, -0.309017, -0.5, 0.0, 0.309017, 0.5, -0.809017, 0.0, 0.5, -0.809017, -0.309017, 0.0, 0.0, 0.0, 0.0, 1.0 ], [ 0.5, -0.809017, -0.309017, 0.0, 0.809017, 0.309017, 0.5, 0.0, -0.309017, -0.5, 0.809017, 0.0, 0.0, 0.0, 0.0, 1.0 ], [ -0.309017, -0.5, 0.809017, 0.0, -0.5, 0.809017, 0.309017, 0.0, -0.809017, -0.309017, -0.5, 0.0, 0.0, 0.0, 0.0, 1.0 ], [ -0.5, -0.809017, -0.309017, 0.0, 0.809017, -0.309017, -0.5, 0.0, 0.309017, -0.5, 0.809017, 0.0, 0.0, 0.0, 0.0, 1.0 ], [ 0.309017, -0.5, 0.809017, 0.0, 0.5, 0.809017, 0.309017, 0.0, -0.809017, 0.309017, 0.5, 0.0, 0.0, 0.0, 0.0, 1.0 ], [ -0.809017, 0.309017, 0.5, 0.0, -0.309017, 0.5, -0.809017, 0.0, -0.5, -0.809017, -0.309017, 0.0, 0.0, 0.0, 0.0, 1.0 ], [ -0.5, -0.809017, 0.309017, 0.0, 0.809017, -0.309017, 0.5, 0.0, -0.309017, 0.5, 0.809017, 0.0, 0.0, 0.0, 0.0, 1.0 ], [ -0.309017, 0.5, 0.809017, 0.0, 0.5, 0.809017, -0.309017, 0.0, -0.809017, 0.309017, -0.5, 0.0, 0.0, 0.0, 0.0, 1.0 ], [ -0.809017, 0.309017, -0.5, 0.0, 0.309017, -0.5, -0.809017, 0.0, -0.5, -0.809017, 0.309017, 0.0, 0.0, 0.0, 0.0, 1.0 ], [ -0.809017, -0.309017, 0.5, 0.0, 0.309017, 0.5, 0.809017, 0.0, -0.5, 0.809017, -0.309017, 0.0, 0.0, 0.0, 0.0, 1.0 ], [ -0.5, 0.809017, -0.309017, 0.0, 0.809017, 0.309017, -0.5, 0.0, -0.309017, -0.5, -0.809017, 0.0, 0.0, 0.0, 0.0, 1.0 ], [ -0.309017, -0.5, -0.809017, 0.0, 0.5, -0.809017, 0.309017, 0.0, -0.809017, -0.309017, 0.5, 0.0, 0.0, 0.0, 0.0, 1.0 ] ],
  "lights" : {
    "directionalLights" : [ {
      "direction" : {
        "x" : 1.0,
        "y" : -1.0,
        "z" : -1.0
      },
      "color" : "#EBEBE4"
    }, {
      "direction" : {
        "x" : -1.0,
        "y" : 0.0,
        "z" : 0.0
      },
      "color" : "#E4E4EB"
    }, {
      "direction" : {
        "x" : 0.0,
        "y" : 0.0,
        "z" : -1.0
      },
      "color" : "#1E1E1E"
    } ],
    "backgroundColor" : "#AFC8DC",
    "ambientColor" : "#292929"
  },
  "camera" : {
    "position" : {
      "x" : 233.32132,
      "y" : -208.5667,
      "z" : -573.1557
    },
    "width" : 314.30795,
    "nearClipDistance" : 1.7461549,
    "perspective" : false,
    "viewDistance" : 698.4612,
    "farClipDistance" : 1396.9202,
    "lookAtPoint" : {
      "x" : -23.798374,
      "y" : -46.978714,
      "z" : 55.832817
    },
    "fieldOfView" : 0.44262946,
    "upDirection" : {
      "x" : 0.8866371,
      "y" : 0.3789511,
      "z" : 0.26508945
    },
    "stereo" : false,
    "lookDirection" : {
      "x" : -0.36812308,
      "y" : 0.23134854,
      "z" : 0.9005347
    }
  },
  "embedding" : [ 1.0, 0.0, 0.0, 0.0, 0.0, 1.0, 0.0, 0.0, 0.0, 0.0, 1.0, 0.0, 0.0, 0.0, 0.0, 1.0 ],
  "shapes" : [ {
    "id" : "2af7e369-3eed-4c34-b9d6-e8c3be7cb319",
    "vertices" : [ {
      "x" : 0.309017,
      "y" : -0.809017,
      "z" : 0.618034
    }, {
      "x" : 0.809017,
      "y" : -0.618034,
      "z" : 0.309017
    }, {
      "x" : 0.618034,
      "y" : -0.309017,
      "z" : 0.809017
    }, {
      "x" : 1.0,
      "y" : 0.309017,
      "z" : 0.19098301
    }, {
      "x" : 0.809017,
      "y" : 0.618034,
      "z" : 0.309017
    }, {
      "x" : 0.618034,
      "y" : 0.309017,
      "z" : 0.809017
    }, {
      "x" : 0.809017,
      "y" : 0.0,
      "z" : 0.690983
    }, {
      "x" : 0.19098301,
      "y" : -1.0,
      "z" : 0.309017
    }, {
      "x" : -0.19098301,
      "y" : -1.0,
      "z" : 0.309017
    }, {
      "x" : -0.19098301,
      "y" : -1.0,
      "z" : -0.309017
    }, {
      "x" : 0.19098301,
      "y" : -1.0,
      "z" : -0.309017
    }, {
      "x" : 1.0,
      "y" : -0.309017,
      "z" : -0.19098301
    }, {
      "x" : 0.809017,
      "y" : -0.618034,
      "z" : -0.309017
    }, {
      "x" : 0.618034,
      "y" : -0.309017,
      "z" : -0.809017
    }, {
      "x" : 0.809017,
      "y" : 0.0,
      "z" : -0.690983
    }, {
      "x" : 0.0,
      "y" : 0.690983,
      "z" : -0.809017
    }, {
      "x" : 0.309017,
      "y" : 0.809017,
      "z" : -0.618034
    }, {
      "x" : 0.618034,
      "y" : 0.309017,
      "z" : -0.809017
    }, {
      "x" : 0.309017,
      "y" : 0.19098301,
      "z" : -1.0
    }, {
      "x" : 1.0,
      "y" : 0.309017,
      "z" : -0.19098301
    }, {
      "x" : -0.309017,
      "y" : -0.809017,
      "z" : 0.618034
    }, {
      "x" : 0.0,
      "y" : -0.690983,
      "z" : 0.809017
    }, {
      "x" : 0.809017,
      "y" : 0.618034,
      "z" : -0.309017
    }, {
      "x" : 0.690983,
      "y" : 0.809017,
      "z" : 0.0
    }, {
      "x" : -0.690983,
      "y" : 0.809017,
      "z" : 0.0
    }, {
      "x" : -0.809017,
      "y" : 0.618034,
      "z" : 0.309017
    }, {
      "x" : -0.309017,
      "y" : 0.809017,
      "z" : 0.618034
    }, {
      "x" : -0.19098301,
      "y" : 1.0,
      "z" : 0.309017
    }, {
      "x" : 0.309017,
      "y" : -0.19098301,
      "z" : -1.0
    }, {
      "x" : 0.19098301,
      "y" : 1.0,
      "z" : 0.309017
    }, {
      "x" : 0.309017,
      "y" : 0.809017,
      "z" : 0.618034
    }, {
      "x" : -0.809017,
      "y" : -0.618034,
      "z" : 0.309017
    }, {
      "x" : -0.690983,
      "y" : -0.809017,
      "z" : 0.0
    }, {
      "x" : 0.0,
      "y" : 0.690983,
      "z" : 0.809017
    }, {
      "x" : 0.309017,
      "y" : -0.809017,
      "z" : -0.618034
    }, {
      "x" : 0.0,
      "y" : -0.690983,
      "z" : -0.809017
    }, {
      "x" : -1.0,
      "y" : 0.309017,
      "z" : 0.19098301
    }, {
      "x" : -0.809017,
      "y" : 0.0,
      "z" : 0.690983
    }, {
      "x" : -0.618034,
      "y" : 0.309017,
      "z" : 0.809017
    }, {
      "x" : 1.0,
      "y" : -0.309017,
      "z" : 0.19098301
    }, {
      "x" : -0.309017,
      "y" : -0.809017,
      "z" : -0.618034
    }, {
      "x" : -1.0,
      "y" : 0.309017,
      "z" : -0.19098301
    }, {
      "x" : -1.0,
      "y" : -0.309017,
      "z" : -0.19098301
    }, {
      "x" : -1.0,
      "y" : -0.309017,
      "z" : 0.19098301
    }, {
      "x" : 0.19098301,
      "y" : 1.0,
      "z" : -0.309017
    }, {
      "x" : -0.809017,
      "y" : 0.618034,
      "z" : -0.309017
    }, {
      "x" : -0.19098301,
      "y" : 1.0,
      "z" : -0.309017
    }, {
      "x" : -0.309017,
      "y" : 0.809017,
      "z" : -0.618034
    }, {
      "x" : -0.618034,
      "y" : -0.309017,
      "z" : 0.809017
    }, {
      "x" : 0.309017,
      "y" : 0.19098301,
      "z" : 1.0
    }, {
      "x" : -0.309017,
      "y" : 0.19098301,
      "z" : -1.0
    }, {
      "x" : -0.309017,
      "y" : 0.19098301,
      "z" : 1.0
    }, {
      "x" : -0.309017,
      "y" : -0.19098301,
      "z" : 1.0
    }, {
      "x" : 0.309017,
      "y" : -0.19098301,
      "z" : 1.0
    }, {
      "x" : 0.690983,
      "y" : -0.809017,
      "z" : 0.0
    }, {
      "x" : -0.809017,
      "y" : 0.0,
      "z" : -0.690983
    }, {
      "x" : -0.618034,
      "y" : -0.309017,
      "z" : -0.809017
    }, {
      "x" : -0.309017,
      "y" : -0.19098301,
      "z" : -1.0
    }, {
      "x" : -0.618034,
      "y" : 0.309017,
      "z" : -0.809017
    }, {
      "x" : -0.809017,
      "y" : -0.618034,
      "z" : -0.309017
    } ],
    "faces" : [ {
      "vertices" : [ 9, 40, 35 ]
    }, {
      "vertices" : [ 9, 35, 34 ]
    }, {
      "vertices" : [ 9, 34, 10 ]
    }, {
      "vertices" : [ 0, 1, 2 ]
    }, {
      "vertices" : [ 33, 51, 49 ]
    }, {
      "vertices" : [ 25, 36, 37 ]
    }, {
      "vertices" : [ 25, 37, 38 ]
    }, {
      "vertices" : [ 41, 55, 42 ]
    }, {
      "vertices" : [ 9, 32, 59 ]
    }, {
      "vertices" : [ 9, 59, 40 ]
    }, {
      "vertices" : [ 20, 21, 52 ]
    }, {
      "vertices" : [ 20, 52, 48 ]
    }, {
      "vertices" : [ 26, 33, 30 ]
    }, {
      "vertices" : [ 26, 30, 29 ]
    }, {
      "vertices" : [ 26, 29, 27 ]
    }, {
      "vertices" : [ 3, 4, 5 ]
    }, {
      "vertices" : [ 3, 5, 6 ]
    }, {
      "vertices" : [ 27, 29, 44 ]
    }, {
      "vertices" : [ 27, 44, 46 ]
    }, {
      "vertices" : [ 50, 57, 56 ]
    }, {
      "vertices" : [ 50, 56, 55 ]
    }, {
      "vertices" : [ 50, 55, 58 ]
    }, {
      "vertices" : [ 26, 38, 51 ]
    }, {
      "vertices" : [ 26, 51, 33 ]
    }, {
      "vertices" : [ 45, 47, 58 ]
    }, {
      "vertices" : [ 18, 28, 57 ]
    }, {
      "vertices" : [ 18, 57, 50 ]
    }, {
      "vertices" : [ 40, 59, 56 ]
    }, {
      "vertices" : [ 31, 48, 37 ]
    }, {
      "vertices" : [ 31, 37, 43 ]
    }, {
      "vertices" : [ 7, 8, 9 ]
    }, {
      "vertices" : [ 7, 9, 10 ]
    }, {
      "vertices" : [ 36, 41, 42 ]
    }, {
      "vertices" : [ 36, 42, 43 ]
    }, {
      "vertices" : [ 24, 46, 47 ]
    }, {
      "vertices" : [ 24, 47, 45 ]
    }, {
      "vertices" : [ 4, 30, 5 ]
    }, {
      "vertices" : [ 15, 47, 46 ]
    }, {
      "vertices" : [ 15, 46, 44 ]
    }, {
      "vertices" : [ 15, 44, 16 ]
    }, {
      "vertices" : [ 15, 50, 58 ]
    }, {
      "vertices" : [ 15, 58, 47 ]
    }, {
      "vertices" : [ 24, 45, 41 ]
    }, {
      "vertices" : [ 24, 41, 36 ]
    }, {
      "vertices" : [ 24, 36, 25 ]
    }, {
      "vertices" : [ 11, 14, 19 ]
    }, {
      "vertices" : [ 3, 6, 39 ]
    }, {
      "vertices" : [ 1, 39, 6 ]
    }, {
      "vertices" : [ 1, 6, 2 ]
    }, {
      "vertices" : [ 8, 32, 9 ]
    }, {
      "vertices" : [ 11, 12, 13 ]
    }, {
      "vertices" : [ 11, 13, 14 ]
    }, {
      "vertices" : [ 16, 22, 17 ]
    }, {
      "vertices" : [ 0, 21, 20 ]
    }, {
      "vertices" : [ 0, 20, 8 ]
    }, {
      "vertices" : [ 0, 8, 7 ]
    }, {
      "vertices" : [ 12, 34, 13 ]
    }, {
      "vertices" : [ 35, 40, 56 ]
    }, {
      "vertices" : [ 35, 56, 57 ]
    }, {
      "vertices" : [ 0, 7, 54 ]
    }, {
      "vertices" : [ 0, 54, 1 ]
    }, {
      "vertices" : [ 15, 16, 17 ]
    }, {
      "vertices" : [ 15, 17, 18 ]
    }, {
      "vertices" : [ 3, 19, 22 ]
    }, {
      "vertices" : [ 3, 22, 23 ]
    }, {
      "vertices" : [ 3, 23, 4 ]
    }, {
      "vertices" : [ 7, 10, 54 ]
    }, {
      "vertices" : [ 41, 45, 58 ]
    }, {
      "vertices" : [ 41, 58, 55 ]
    }, {
      "vertices" : [ 3, 39, 11 ]
    }, {
      "vertices" : [ 3, 11, 19 ]
    }, {
      "vertices" : [ 14, 17, 22 ]
    }, {
      "vertices" : [ 14, 22, 19 ]
    }, {
      "vertices" : [ 0, 2, 53 ]
    }, {
      "vertices" : [ 0, 53, 21 ]
    }, {
      "vertices" : [ 49, 51, 52 ]
    }, {
      "vertices" : [ 49, 52, 53 ]
    }, {
      "vertices" : [ 31, 43, 42 ]
    }, {
      "vertices" : [ 31, 42, 59 ]
    }, {
      "vertices" : [ 31, 59, 32 ]
    }, {
      "vertices" : [ 15, 18, 50 ]
    }, {
      "vertices" : [ 42, 55, 56 ]
    }, {
      "vertices" : [ 42, 56, 59 ]
    }, {
      "vertices" : [ 4, 23, 29 ]
    }, {
      "vertices" : [ 4, 29, 30 ]
    }, {
      "vertices" : [ 25, 38, 26 ]
    }, {
      "vertices" : [ 13, 28, 18 ]
    }, {
      "vertices" : [ 13, 18, 17 ]
    }, {
      "vertices" : [ 13, 17, 14 ]
    }, {
      "vertices" : [ 8, 20, 31 ]
    }, {
      "vertices" : [ 8, 31, 32 ]
    }, {
      "vertices" : [ 23, 44, 29 ]
    }, {
      "vertices" : [ 24, 27, 46 ]
    }, {
      "vertices" : [ 37, 48, 52 ]
    }, {
      "vertices" : [ 37, 52, 51 ]
    }, {
      "vertices" : [ 37, 51, 38 ]
    }, {
      "vertices" : [ 20, 48, 31 ]
    }, {
      "vertices" : [ 24, 25, 26 ]
    }, {
      "vertices" : [ 24, 26, 27 ]
    }, {
      "vertices" : [ 16, 44, 23 ]
    }, {
      "vertices" : [ 16, 23, 22 ]
    }, {
      "vertices" : [ 13, 34, 35 ]
    }, {
      "vertices" : [ 13, 35, 28 ]
    }, {
      "vertices" : [ 10, 34, 12 ]
    }, {
      "vertices" : [ 10, 12, 54 ]
    }, {
      "vertices" : [ 2, 6, 5 ]
    }, {
      "vertices" : [ 2, 5, 49 ]
    }, {
      "vertices" : [ 2, 49, 53 ]
    }, {
      "vertices" : [ 36, 43, 37 ]
    }, {
      "vertices" : [ 5, 30, 33 ]
    }, {
      "vertices" : [ 5, 33, 49 ]
    }, {
      "vertices" : [ 1, 54, 12 ]
    }, {
      "vertices" : [ 1, 12, 11 ]
    }, {
      "vertices" : [ 1, 11, 39 ]
    }, {
      "vertices" : [ 28, 35, 57 ]
    }, {
      "vertices" : [ 21, 53, 52 ]
    } ]
  }, {
    "id" : "c78194a3-25e1-4a40-8ce1-a0ed05e31448",
    "vertices" : [ {
      "x" : 7.472136,
      "y" : 0.309017,
      "z" : 0.19098301
    }, {
      "x" : 7.472136,
      "y" : 0.309017,
      "z" : -0.19098301
    }, {
      "x" : 1.0,
      "y" : 0.309017,
      "z" : -0.19098301
    }, {
      "x" : 1.0,
      "y" : 0.309017,
      "z" : 0.19098301
    }, {
      "x" : 7.472136,
      "y" : -0.309017,
      "z" : 0.19098301
    }, {
      "x" : 1.0,
      "y" : -0.309017,
      "z" : 0.19098301
    }, {
      "x" : 1.0,
      "y" : -0.309017,
      "z" : -0.19098301
    }, {
      "x" : 7.472136,
      "y" : -0.309017,
      "z" : -0.19098301
    }, {
      "x" : 8.472136,
      "y" : 0.0,
      "z" : 0.0
    } ],
    "faces" : [ {
      "vertices" : [ 1, 7, 6 ]
    }, {
      "vertices" : [ 1, 6, 2 ]
    }, {
      "vertices" : [ 0, 1, 2 ]
    }, {
      "vertices" : [ 0, 2, 3 ]
    }, {
      "vertices" : [ 4, 5, 6 ]
    }, {
      "vertices" : [ 4, 6, 7 ]
    }, {
      "vertices" : [ 0, 3, 5 ]
    }, {
      "vertices" : [ 0, 5, 4 ]
    } ]
  }, {
    "id" : "8131fdeb-fe41-4842-9aa3-aa1b9c4223f9",
    "vertices" : [ {
      "x" : 0.809017,
      "y" : 0.0,
      "z" : -0.690983
    }, {
      "x" : 1.0,
      "y" : 0.309017,
      "z" : -0.19098301
    }, {
      "x" : 2.618034,
      "y" : 0.309017,
      "z" : -0.809017
    }, {
      "x" : 2.427051,
      "y" : 0.0,
      "z" : -1.309017
    }, {
      "x" : 5.854102,
      "y" : 0.309017,
      "z" : -2.427051
    }, {
      "x" : 1.0,
      "y" : -0.309017,
      "z" : -0.19098301
    }, {
      "x" : 2.618034,
      "y" : -0.309017,
      "z" : -0.809017
    }, {
      "x" : 4.236068,
      "y" : 0.309017,
      "z" : -1.809017
    }, {
      "x" : 4.427051,
      "y" : 0.0,
      "z" : -1.309017
    }, {
      "x" : 6.854102,
      "y" : 0.0,
      "z" : -2.618034
    }, {
      "x" : 4.236068,
      "y" : -0.309017,
      "z" : -1.809017
    }, {
      "x" : 6.045085,
      "y" : 0.0,
      "z" : -1.927051
    }, {
      "x" : 5.854102,
      "y" : -0.309017,
      "z" : -2.427051
    } ],
    "faces" : [ {
      "vertices" : [ 2, 6, 8 ]
    }, {
      "vertices" : [ 4, 12, 10 ]
    }, {
      "vertices" : [ 4, 10, 7 ]
    }, {
      "vertices" : [ 2, 8, 7 ]
    }, {
      "vertices" : [ 3, 10, 6 ]
    }, {
      "vertices" : [ 3, 7, 10 ]
    }, {
      "vertices" : [ 0, 1, 2 ]
    }, {
      "vertices" : [ 0, 2, 3 ]
    }, {
      "vertices" : [ 6, 10, 8 ]
    }, {
      "vertices" : [ 8, 10, 12 ]
    }, {
      "vertices" : [ 8, 12, 11 ]
    }, {
      "vertices" : [ 2, 7, 3 ]
    }, {
      "vertices" : [ 0, 3, 6 ]
    }, {
      "vertices" : [ 0, 6, 5 ]
    }, {
      "vertices" : [ 1, 5, 6 ]
    }, {
      "vertices" : [ 1, 6, 2 ]
    }, {
      "vertices" : [ 4, 7, 8 ]
    }, {
      "vertices" : [ 4, 8, 11 ]
    } ]
  }, {
    "id" : "ba0431a6-bd02-4680-8197-d4265c2bec71",
    "vertices" : [ {
      "x" : 12.708204,
      "y" : 0.309017,
      "z" : 0.19098301
    }, {
      "x" : 12.708204,
      "y" : 0.309017,
      "z" : -0.19098301
    }, {
      "x" : 1.0,
      "y" : 0.309017,
      "z" : -0.19098301
    }, {
      "x" : 1.0,
      "y" : 0.309017,
      "z" : 0.19098301
    }, {
      "x" : 12.708204,
      "y" : -0.309017,
      "z" : 0.19098301
    }, {
      "x" : 1.0,
      "y" : -0.309017,
      "z" : 0.19098301
    }, {
      "x" : 1.0,
      "y" : -0.309017,
      "z" : -0.19098301
    }, {
      "x" : 12.708204,
      "y" : -0.309017,
      "z" : -0.19098301
    }, {
      "x" : 13.708204,
      "y" : 0.0,
      "z" : 0.0
    } ],
    "faces" : [ {
      "vertices" : [ 1, 7, 6 ]
    }, {
      "vertices" : [ 1, 6, 2 ]
    }, {
      "vertices" : [ 0, 1, 2 ]
    }, {
      "vertices" : [ 0, 2, 3 ]
    }, {
      "vertices" : [ 4, 5, 6 ]
    }, {
      "vertices" : [ 4, 6, 7 ]
    }, {
      "vertices" : [ 0, 3, 5 ]
    }, {
      "vertices" : [ 0, 5, 4 ]
    } ]
  }, {
    "id" : "713ae92e-46be-4790-95c4-5c243f03076f",
    "vertices" : [ {
      "x" : 21.18034,
      "y" : 0.309017,
      "z" : 0.19098301
    }, {
      "x" : 21.18034,
      "y" : 0.309017,
      "z" : -0.19098301
    }, {
      "x" : 1.0,
      "y" : 0.309017,
      "z" : -0.19098301
    }, {
      "x" : 1.0,
      "y" : 0.309017,
      "z" : 0.19098301
    }, {
      "x" : 21.18034,
      "y" : -0.309017,
      "z" : 0.19098301
    }, {
      "x" : 1.0,
      "y" : -0.309017,
      "z" : 0.19098301
    }, {
      "x" : 1.0,
      "y" : -0.309017,
      "z" : -0.19098301
    }, {
      "x" : 21.18034,
      "y" : -0.309017,
      "z" : -0.19098301
    }, {
      "x" : 22.18034,
      "y" : 0.0,
      "z" : 0.0
    } ],
    "faces" : [ {
      "vertices" : [ 1, 7, 6 ]
    }, {
      "vertices" : [ 1, 6, 2 ]
    }, {
      "vertices" : [ 0, 1, 2 ]
    }, {
      "vertices" : [ 0, 2, 3 ]
    }, {
      "vertices" : [ 4, 5, 6 ]
    }, {
      "vertices" : [ 4, 6, 7 ]
    }, {
      "vertices" : [ 0, 3, 5 ]
    }, {
      "vertices" : [ 0, 5, 4 ]
    } ]
  } ],
  "instances" : [ {
    "shape" : "2af7e369-3eed-4c34-b9d6-e8c3be7cb319",
    "color" : "#66FF00",
    "position" : {
      "x" : -62.922985,
      "y" : -105.0476,
      "z" : 148.55417
    }
  }, {
    "shape" : "c78194a3-25e1-4a40-8ce1-a0ed05e31448",
    "color" : "#000000",
    "position" : {
      "x" : -32.27051,
      "y" : -58.068882,
      "z" : 95.33939
    },
    "orientation" : 24
  }, {
    "shape" : "2af7e369-3eed-4c34-b9d6-e8c3be7cb319",
    "color" : "#66FF00",
    "position" : {
      "x" : -36.506577,
      "y" : -76.01315,
      "z" : 200.76895
    }
  }, {
    "shape" : "8131fdeb-fe41-4842-9aa3-aa1b9c4223f9",
    "color" : "#FFFF00",
    "position" : {
      "x" : 5.236068,
      "y" : -85.48529,
      "z" : 120.137764
    },
    "orientation" : 8
  }, {
    "shape" : "2af7e369-3eed-4c34-b9d6-e8c3be7cb319",
    "color" : "#FF3366",
    "position" : {
      "x" : -25.416409,
      "y" : -82.867256,
      "z" : 36.27051
    }
  }, {
    "shape" : "2af7e369-3eed-4c34-b9d6-e8c3be7cb319",
    "color" : "#66FF00",
    "position" : {
      "x" : -8.472136,
      "y" : -35.888542,
      "z" : 46.36068
    }
  }, {
    "shape" : "2af7e369-3eed-4c34-b9d6-e8c3be7cb319",
    "color" : "#FF3366",
    "position" : {
      "x" : 26.416409,
      "y" : 29.034441,
      "z" : 38.506577
    }
  }, {
    "shape" : "ba0431a6-bd02-4680-8197-d4265c2bec71",
    "color" : "#000000",
    "position" : {
      "x" : -23.798374,
      "y" : -46.978714,
      "z" : 179.20665
    },
    "orientation" : 47
  }, {
    "shape" : "ba0431a6-bd02-4680-8197-d4265c2bec71",
    "color" : "#000000",
    "position" : {
      "x" : -1.618034,
      "y" : -35.888542,
      "z" : 103.81153
    },
    "orientation" : 2
  }, {
    "shape" : "c78194a3-25e1-4a40-8ce1-a0ed05e31448",
    "color" : "#000000",
    "position" : {
      "x" : -8.472136,
      "y" : -11.09017,
      "z" : 80.63119
    },
    "orientation" : 24
  }, {
    "shape" : "2af7e369-3eed-4c34-b9d6-e8c3be7cb319",
    "color" : "#FF3366",
    "position" : {
      "x" : -52.832817,
      "y" : -8.472136,
      "z" : 114.9017
    }
  }, {
    "shape" : "ba0431a6-bd02-4680-8197-d4265c2bec71",
    "color" : "#000000",
    "position" : {
      "x" : -3.236068,
      "y" : -96.57546,
      "z" : 8.854102
    },
    "orientation" : 2
  }, {
    "shape" : "713ae92e-46be-4790-95c4-5c243f03076f",
    "color" : "#000000",
    "position" : {
      "x" : 48.59675,
      "y" : 15.326238,
      "z" : 65.92299
    },
    "orientation" : 39
  }, {
    "shape" : "c78194a3-25e1-4a40-8ce1-a0ed05e31448",
    "color" : "#000000",
    "position" : {
      "x" : -62.922985,
      "y" : -80.24922,
      "z" : 86.867256
    },
    "orientation" : 24
  }, {
    "shape" : "c78194a3-25e1-4a40-8ce1-a0ed05e31448",
    "color" : "#000000",
    "position" : {
      "x" : -32.27051,
      "y" : -82.867256,
      "z" : 115.9017
    },
    "orientation" : 51
  }, {
    "shape" : "ba0431a6-bd02-4680-8197-d4265c2bec71",
    "color" : "#000000",
    "position" : {
      "x" : -39.12461,
      "y" : -58.068882,
      "z" : 10.472136
    },
    "orientation" : 47
  }, {
    "shape" : "713ae92e-46be-4790-95c4-5c243f03076f",
    "color" : "#000000",
    "position" : {
      "x" : 24.798374,
      "y" : -31.652475,
      "z" : -29.034441
    },
    "orientation" : 39
  }, {
    "shape" : "713ae92e-46be-4790-95c4-5c243f03076f",
    "color" : "#000000",
    "position" : {
      "x" : -11.708204,
      "y" : -132.464,
      "z" : 96.33939
    },
    "orientation" : 39
  }, {
    "shape" : "2af7e369-3eed-4c34-b9d6-e8c3be7cb319",
    "color" : "#FF3366",
    "position" : {
      "x" : -1.618034,
      "y" : -60.686916,
      "z" : 96.95743
    }
  }, {
    "shape" : "2af7e369-3eed-4c34-b9d6-e8c3be7cb319",
    "color" : "#66FF00",
    "position" : {
      "x" : 45.978714,
      "y" : 33.27051,
      "z" : 81.24922
    }
  }, {
    "shape" : "713ae92e-46be-4790-95c4-5c243f03076f",
    "color" : "#000000",
    "position" : {
      "x" : -33.888542,
      "y" : -118.7558,
      "z" : 41.506577
    },
    "orientation" : 39
  }, {
    "shape" : "ba0431a6-bd02-4680-8197-d4265c2bec71",
    "color" : "#000000",
    "position" : {
      "x" : 22.18034,
      "y" : 11.09017,
      "z" : -20.562305
    },
    "orientation" : 2
  }, {
    "shape" : "8131fdeb-fe41-4842-9aa3-aa1b9c4223f9",
    "color" : "#FF00FF",
    "position" : {
      "x" : 15.326238,
      "y" : 11.09017,
      "z" : 141.3181
    },
    "orientation" : 8
  }, {
    "shape" : "c78194a3-25e1-4a40-8ce1-a0ed05e31448",
    "color" : "#000000",
    "position" : {
      "x" : -1.618034,
      "y" : -35.888542,
      "z" : 103.81153
    },
    "orientation" : 24
  }, {
    "shape" : "8131fdeb-fe41-4842-9aa3-aa1b9c4223f9",
    "color" : "#FF00FF",
    "position" : {
      "x" : 51.214783,
      "y" : -52.214783,
      "z" : 64.304955
    },
    "orientation" : 8
  }, {
    "shape" : "2af7e369-3eed-4c34-b9d6-e8c3be7cb319",
    "color" : "#FF3366",
    "position" : {
      "x" : -12.708204,
      "y" : -29.034441,
      "z" : 48.978714
    }
  }, {
    "shape" : "713ae92e-46be-4790-95c4-5c243f03076f",
    "color" : "#000000",
    "position" : {
      "x" : -50.214783,
      "y" : -26.416409,
      "z" : 72.15905
    },
    "orientation" : 39
  }, {
    "shape" : "2af7e369-3eed-4c34-b9d6-e8c3be7cb319",
    "color" : "#66FF00",
    "position" : {
      "x" : 23.18034,
      "y" : -117.137764,
      "z" : 88.48529
    }
  }, {
    "shape" : "2af7e369-3eed-4c34-b9d6-e8c3be7cb319",
    "color" : "#66FF00",
    "position" : {
      "x" : -14.326238,
      "y" : -89.72136,
      "z" : 36.27051
    }
  }, {
    "shape" : "8131fdeb-fe41-4842-9aa3-aa1b9c4223f9",
    "color" : "#FFFF00",
    "position" : {
      "x" : 27.416409,
      "y" : -99.1935,
      "z" : 65.304955
    },
    "orientation" : 8
  }, {
    "shape" : "c78194a3-25e1-4a40-8ce1-a0ed05e31448",
    "color" : "#000000",
    "position" : {
      "x" : -3.236068,
      "y" : -96.57546,
      "z" : 118.51973
    },
    "orientation" : 24
  }, {
    "shape" : "2af7e369-3eed-4c34-b9d6-e8c3be7cb319",
    "color" : "#66FF00",
    "position" : {
      "x" : -11.708204,
      "y" : -132.464,
      "z" : 68.92299
    }
  }, {
    "shape" : "2af7e369-3eed-4c34-b9d6-e8c3be7cb319",
    "color" : "#66FF00",
    "position" : {
      "x" : -52.832817,
      "y" : -8.472136,
      "z" : 128.60991
    }
  }, {
    "shape" : "2af7e369-3eed-4c34-b9d6-e8c3be7cb319",
    "color" : "#66FF00",
    "position" : {
      "x" : -39.12461,
      "y" : -58.068882,
      "z" : 174.97058
    }
  }, {
    "shape" : "2af7e369-3eed-4c34-b9d6-e8c3be7cb319",
    "color" : "#FF3366",
    "position" : {
      "x" : -39.12461,
      "y" : -33.27051,
      "z" : 17.326239
    }
  }, {
    "shape" : "2af7e369-3eed-4c34-b9d6-e8c3be7cb319",
    "color" : "#66FF00",
    "position" : {
      "x" : -27.034441,
      "y" : -143.55417,
      "z" : 50.978714
    }
  }, {
    "shape" : "2af7e369-3eed-4c34-b9d6-e8c3be7cb319",
    "color" : "#66FF00",
    "position" : {
      "x" : 73.39512,
      "y" : -41.12461,
      "z" : 30.034441
    }
  }, {
    "shape" : "2af7e369-3eed-4c34-b9d6-e8c3be7cb319",
    "color" : "#66FF00",
    "position" : {
      "x" : -36.506577,
      "y" : -76.01315,
      "z" : 91.103325
    }
  }, {
    "shape" : "2af7e369-3eed-4c34-b9d6-e8c3be7cb319",
    "color" : "#66FF00",
    "position" : {
      "x" : 27.416409,
      "y" : -99.1935,
      "z" : 37.888542
    }
  }, {
    "shape" : "c78194a3-25e1-4a40-8ce1-a0ed05e31448",
    "color" : "#000000",
    "position" : {
      "x" : -76.63119,
      "y" : -30.652475,
      "z" : 95.33939
    },
    "orientation" : 24
  }, {
    "shape" : "713ae92e-46be-4790-95c4-5c243f03076f",
    "color" : "#000000",
    "position" : {
      "x" : -12.708204,
      "y" : -29.034441,
      "z" : -33.27051
    },
    "orientation" : 39
  }, {
    "shape" : "8131fdeb-fe41-4842-9aa3-aa1b9c4223f9",
    "color" : "#00CCFF",
    "position" : {
      "x" : -54.45085,
      "y" : -69.15905,
      "z" : 157.0263
    },
    "orientation" : 8
  }, {
    "shape" : "c78194a3-25e1-4a40-8ce1-a0ed05e31448",
    "color" : "#000000",
    "position" : {
      "x" : 13.708204,
      "y" : -49.59675,
      "z" : -8.472136
    },
    "orientation" : 51
  }, {
    "shape" : "8131fdeb-fe41-4842-9aa3-aa1b9c4223f9",
    "color" : "#00CCFF",
    "position" : {
      "x" : -15.326238,
      "y" : -11.09017,
      "z" : 36.888542
    },
    "orientation" : 8
  }, {
    "shape" : "8131fdeb-fe41-4842-9aa3-aa1b9c4223f9",
    "color" : "#00CCFF",
    "position" : {
      "x" : -13.708204,
      "y" : 49.59675,
      "z" : 35.888542
    },
    "orientation" : 8
  }, {
    "shape" : "c78194a3-25e1-4a40-8ce1-a0ed05e31448",
    "color" : "#000000",
    "position" : {
      "x" : -10.09017,
      "y" : -96.57546,
      "z" : 88.48529
    },
    "orientation" : 51
  }, {
    "shape" : "ba0431a6-bd02-4680-8197-d4265c2bec71",
    "color" : "#000000",
    "position" : {
      "x" : -13.708204,
      "y" : 49.59675,
      "z" : 35.888542
    },
    "orientation" : 47
  }, {
    "shape" : "ba0431a6-bd02-4680-8197-d4265c2bec71",
    "color" : "#000000",
    "position" : {
      "x" : 35.888542,
      "y" : -63.30495,
      "z" : 73.777084
    },
    "orientation" : 47
  }, {
    "shape" : "2af7e369-3eed-4c34-b9d6-e8c3be7cb319",
    "color" : "#FF3366",
    "position" : {
      "x" : 56.45085,
      "y" : -112.9017,
      "z" : 26.798374
    }
  }, {
    "shape" : "2af7e369-3eed-4c34-b9d6-e8c3be7cb319",
    "color" : "#FF3366",
    "position" : {
      "x" : 49.59675,
      "y" : -112.9017,
      "z" : -3.236068
    }
  }, {
    "shape" : "2af7e369-3eed-4c34-b9d6-e8c3be7cb319",
    "color" : "#FF3366",
    "position" : {
      "x" : -39.12461,
      "y" : -33.27051,
      "z" : 72.15905
    }
  }, {
    "shape" : "8131fdeb-fe41-4842-9aa3-aa1b9c4223f9",
    "color" : "#00CCFF",
    "position" : {
      "x" : -39.12461,
      "y" : -58.068882,
      "z" : 174.97058
    },
    "orientation" : 8
  }, {
    "shape" : "713ae92e-46be-4790-95c4-5c243f03076f",
    "color" : "#000000",
    "position" : {
      "x" : -45.978714,
      "y" : -8.472136,
      "z" : 144.93614
    },
    "orientation" : 39
  }, {
    "shape" : "ba0431a6-bd02-4680-8197-d4265c2bec71",
    "color" : "#000000",
    "position" : {
      "x" : -62.922985,
      "y" : -80.24922,
      "z" : 86.867256
    },
    "orientation" : 2
  }, {
    "shape" : "2af7e369-3eed-4c34-b9d6-e8c3be7cb319",
    "color" : "#66FF00",
    "position" : {
      "x" : -47.59675,
      "y" : -93.95743,
      "z" : 84.24922
    }
  }, {
    "shape" : "713ae92e-46be-4790-95c4-5c243f03076f",
    "color" : "#000000",
    "position" : {
      "x" : -36.506577,
      "y" : -76.01315,
      "z" : 91.103325
    },
    "orientation" : 39
  }, {
    "shape" : "713ae92e-46be-4790-95c4-5c243f03076f",
    "color" : "#000000",
    "position" : {
      "x" : 29.034441,
      "y" : -13.708204,
      "z" : 98.57546
    },
    "orientation" : 39
  }, {
    "shape" : "713ae92e-46be-4790-95c4-5c243f03076f",
    "color" : "#000000",
    "position" : {
      "x" : -47.59675,
      "y" : -69.15905,
      "z" : 49.978714
    },
    "orientation" : 39
  }, {
    "shape" : "2af7e369-3eed-4c34-b9d6-e8c3be7cb319",
    "color" : "#66FF00",
    "position" : {
      "x" : -71.39512,
      "y" : -116.137764,
      "z" : 78.39512
    }
  }, {
    "shape" : "2af7e369-3eed-4c34-b9d6-e8c3be7cb319",
    "color" : "#FF3366",
    "position" : {
      "x" : -12.708204,
      "y" : -29.034441,
      "z" : 131.22794
    }
  }, {
    "shape" : "2af7e369-3eed-4c34-b9d6-e8c3be7cb319",
    "color" : "#66FF00",
    "position" : {
      "x" : -57.068882,
      "y" : -26.416409,
      "z" : 124.37383
    }
  }, {
    "shape" : "2af7e369-3eed-4c34-b9d6-e8c3be7cb319",
    "color" : "#FF3366",
    "position" : {
      "x" : -69.777084,
      "y" : -80.24922,
      "z" : 43.12461
    }
  }, {
    "shape" : "2af7e369-3eed-4c34-b9d6-e8c3be7cb319",
    "color" : "#FF3366",
    "position" : {
      "x" : 37.506577,
      "y" : -2.618034,
      "z" : 31.652475
    }
  }, {
    "shape" : "713ae92e-46be-4790-95c4-5c243f03076f",
    "color" : "#000000",
    "position" : {
      "x" : -3.236068,
      "y" : -96.57546,
      "z" : 49.978714
    },
    "orientation" : 39
  }, {
    "shape" : "2af7e369-3eed-4c34-b9d6-e8c3be7cb319",
    "color" : "#FF3366",
    "position" : {
      "x" : -1.618034,
      "y" : -35.888542,
      "z" : -19.562305
    }
  }, {
    "shape" : "2af7e369-3eed-4c34-b9d6-e8c3be7cb319",
    "color" : "#FF3366",
    "position" : {
      "x" : -5.854102,
      "y" : -78.63119,
      "z" : -44.36068
    }
  }, {
    "shape" : "2af7e369-3eed-4c34-b9d6-e8c3be7cb319",
    "color" : "#FF3366",
    "position" : {
      "x" : -39.12461,
      "y" : -33.27051,
      "z" : 126.99187
    }
  }, {
    "shape" : "ba0431a6-bd02-4680-8197-d4265c2bec71",
    "color" : "#000000",
    "position" : {
      "x" : -23.798374,
      "y" : -46.978714,
      "z" : -12.708204
    },
    "orientation" : 47
  }, {
    "shape" : "2af7e369-3eed-4c34-b9d6-e8c3be7cb319",
    "color" : "#FF3366",
    "position" : {
      "x" : -37.506577,
      "y" : 2.618034,
      "z" : 132.84598
    }
  }, {
    "shape" : "2af7e369-3eed-4c34-b9d6-e8c3be7cb319",
    "color" : "#66FF00",
    "position" : {
      "x" : -18.562305,
      "y" : -107.665634,
      "z" : 4.618034
    }
  }, {
    "shape" : "8131fdeb-fe41-4842-9aa3-aa1b9c4223f9",
    "color" : "#FF00FF",
    "position" : {
      "x" : -62.922985,
      "y" : -105.0476,
      "z" : 11.472136
    },
    "orientation" : 8
  }, {
    "shape" : "2af7e369-3eed-4c34-b9d6-e8c3be7cb319",
    "color" : "#66FF00",
    "position" : {
      "x" : -10.09017,
      "y" : -96.57546,
      "z" : 129.60991
    }
  }, {
    "shape" : "8131fdeb-fe41-4842-9aa3-aa1b9c4223f9",
    "color" : "#FFFF00",
    "position" : {
      "x" : -13.708204,
      "y" : 49.59675,
      "z" : 49.59675
    },
    "orientation" : 8
  }, {
    "shape" : "8131fdeb-fe41-4842-9aa3-aa1b9c4223f9",
    "color" : "#FFFF00",
    "position" : {
      "x" : 15.326238,
      "y" : 11.09017,
      "z" : -36.888542
    },
    "orientation" : 8
  }, {
    "shape" : "c78194a3-25e1-4a40-8ce1-a0ed05e31448",
    "color" : "#000000",
    "position" : {
      "x" : -78.24922,
      "y" : -91.33939,
      "z" : 110.0476
    },
    "orientation" : 24
  }, {
    "shape" : "713ae92e-46be-4790-95c4-5c243f03076f",
    "color" : "#000000",
    "position" : {
      "x" : -10.09017,
      "y" : -71.777084,
      "z" : -0.618034
    },
    "orientation" : 39
  }, {
    "shape" : "c78194a3-25e1-4a40-8ce1-a0ed05e31448",
    "color" : "#000000",
    "position" : {
      "x" : 22.18034,
      "y" : 11.09017,
      "z" : 34.27051
    },
    "orientation" : 24
  }, {
    "shape" : "8131fdeb-fe41-4842-9aa3-aa1b9c4223f9",
    "color" : "#00CCFF",
    "position" : {
      "x" : -30.652475,
      "y" : -22.18034,
      "z" : 101.1935
    },
    "orientation" : 8
  }, {
    "shape" : "2af7e369-3eed-4c34-b9d6-e8c3be7cb319",
    "color" : "#66FF00",
    "position" : {
      "x" : 52.832817,
      "y" : 8.472136,
      "z" : 63.30495
    }
  }, {
    "shape" : "713ae92e-46be-4790-95c4-5c243f03076f",
    "color" : "#000000",
    "position" : {
      "x" : -7.472136,
      "y" : -114.51973,
      "z" : 32.034443
    },
    "orientation" : 39
  }, {
    "shape" : "2af7e369-3eed-4c34-b9d6-e8c3be7cb319",
    "color" : "#FF3366",
    "position" : {
      "x" : -72.39512,
      "y" : -37.506577,
      "z" : 147.55417
    }
  }, {
    "shape" : "2af7e369-3eed-4c34-b9d6-e8c3be7cb319",
    "color" : "#66FF00",
    "position" : {
      "x" : -47.59675,
      "y" : -93.95743,
      "z" : 56.832817
    }
  }, {
    "shape" : "c78194a3-25e1-4a40-8ce1-a0ed05e31448",
    "color" : "#000000",
    "position" : {
      "x" : -10.09017,
      "y" : -96.57546,
      "z" : 115.9017
    },
    "orientation" : 51
  }, {
    "shape" : "ba0431a6-bd02-4680-8197-d4265c2bec71",
