{
  "field" : "golden",
  "symmetry" : "icosahedral",
  "orientations" : [ [ 1.0, 0.0, 0.0, 0.0, 0.0, 1.0, 0.0, 0.0, 0.0, 0.0, 1.0, 0.0, 0.0, 0.0, 0.0, 1.0 ], [ 0.0, 0.0, 1.0, 0.0, 1.0, 0.0, 0.0, 0.0, 0.0, 1.0, 0.0, 0.0, 0.0, 0.0, 0.0, 1.0 ], [ 0.0, 1.0, 0.0, 0.0, 0.0, 0.0, 1.0, 0.0, 1.0, 0.0, 0.0, 0.0, 0.0, 0.0, 0.0, 1.0 ], [ 0.809017, 0.309017, 0.5, 0.0, 0.309017, 0.5, -0.809017, 0.0, -0.5, 0.809017, 0.309017, 0.0, 0.0, 0.0, 0.0, 1.0 ], [ -0.5, 0.809017, 0.309017, 0.0, 0.809017, 0.309017, 0.5, 0.0, 0.309017, 0.5, -0.809017, 0.0, 0.0, 0.0, 0.0, 1.0 ], [ 0.309017, 0.5, -0.809017, 0.0, -0.5, 0.809017, 0.309017, 0.0, 0.809017, 0.309017, 0.5, 0.0, 0.0, 0.0, 0.0, 1.0 ], [ 0.5, 0.809017, 0.309017, 0.0, 0.809017, -0.309017, -0.5, 0.0, -0.309017, 0.5, -0.809017, 0.0, 0.0, 0.0, 0.0, 1.0 ], [ -0.309017, 0.5, -0.809017, 0.0, 0.5, 0.809017, 0.309017, 0.0, 0.809017, -0.309017, -0.5, 0.0, 0.0, 0.0, 0.0, 1.0 ], [ 0.809017, -0.309017, -0.5, 0.0, -0.309017, 0.5, -0.809017, 0.0, 0.5, 0.809017, 0.309017, 0.0, 0.0, 0.0, 0.0, 1.0 ], [ 0.5, 0.809017, -0.309017, 0.0, 0.809017, -0.309017, 0.5, 0.0, 0.309017, -0.5, -0.809017, 0.0, 0.0, 0.0, 0.0, 1.0 ], [ 0.309017, -0.5, -0.809017, 0.0, 0.5, 0.809017, -0.309017, 0.0, 0.809017, -0.309017, 0.5, 0.0, 0.0, 0.0, 0.0, 1.0 ], [ 0.809017, -0.309017, 0.5, 0.0, 0.309017, -0.5, -0.809017, 0.0, 0.5, 0.809017, -0.309017, 0.0, 0.0, 0.0, 0.0, 1.0 ], [ 0.809017, 0.309017, -0.5, 0.0, 0.309017, 0.5, 0.809017, 0.0, 0.5, -0.809017, 0.309017, 0.0, 0.0, 0.0, 0.0, 1.0 ], [ 0.5, -0.809017, 0.309017, 0.0, 0.809017, 0.309017, -0.5, 0.0, 0.309017, 0.5, 0.809017, 0.0, 0.0, 0.0, 0.0, 1.0 ], [ 0.309017, 0.5, 0.809017, 0.0, 0.5, -0.809017, 0.309017, 0.0, 0.809017, 0.309017, -0.5, 0.0, 0.0, 0.0, 0.0, 1.0 ], [ 1.0, 0.0, 0.0, 0.0, 0.0, -1.0, 0.0, 0.0, 0.0, 0.0, -1.0, 0.0, 0.0, 0.0, 0.0, 1.0 ], [ 0.0, 0.0, 1.0, 0.0, -1.0, 0.0, 0.0, 0.0, 0.0, -1.0, 0.0, 0.0, 0.0, 0.0, 0.0, 1.0 ], [ 0.0, 1.0, 0.0, 0.0, 0.0, 0.0, -1.0, 0.0, -1.0, 0.0, 0.0, 0.0, 0.0, 0.0, 0.0, 1.0 ], [ 0.809017, 0.309017, 0.5, 0.0, -0.309017, -0.5, 0.809017, 0.0, 0.5, -0.809017, -0.309017, 0.0, 0.0, 0.0, 0.0, 1.0 ], [ -0.5, 0.809017, 0.309017, 0.0, -0.809017, -0.309017, -0.5, 0.0, -0.309017, -0.5, 0.809017, 0.0, 0.0, 0.0, 0.0, 1.0 ], [ 0.309017, 0.5, -0.809017, 0.0, 0.5, -0.809017, -0.309017, 0.0, -0.809017, -0.309017, -0.5, 0.0, 0.0, 0.0, 0.0, 1.0 ], [ 0.5, 0.809017, 0.309017, 0.0, -0.809017, 0.309017, 0.5, 0.0, 0.309017, -0.5, 0.809017, 0.0, 0.0, 0.0, 0.0, 1.0 ], [ -0.309017, 0.5, -0.809017, 0.0, -0.5, -0.809017, -0.309017, 0.0, -0.809017, 0.309017, 0.5, 0.0, 0.0, 0.0, 0.0, 1.0 ], [ 0.809017, -0.309017, -0.5, 0.0, 0.309017, -0.5, 0.809017, 0.0, -0.5, -0.809017, -0.309017, 0.0, 0.0, 0.0, 0.0, 1.0 ], [ 0.5, 0.809017, -0.309017, 0.0, -0.809017, 0.309017, -0.5, 0.0, -0.309017, 0.5, 0.809017, 0.0, 0.0, 0.0, 0.0, 1.0 ], [ 0.309017, -0.5, -0.809017, 0.0, -0.5, -0.809017, 0.309017, 0.0, -0.809017, 0.309017, -0.5, 0.0, 0.0, 0.0, 0.0, 1.0 ], [ 0.809017, -0.309017, 0.5, 0.0, -0.309017, 0.5, 0.809017, 0.0, -0.5, -0.809017, 0.309017, 0.0, 0.0, 0.0, 0.0, 1.0 ], [ 0.809017, 0.309017, -0.5, 0.0, -0.309017, -0.5, -0.809017, 0.0, -0.5, 0.809017, -0.309017, 0.0, 0.0, 0.0, 0.0, 1.0 ], [ 0.5, -0.809017, 0.309017, 0.0, -0.809017, -0.309017, 0.5, 0.0, -0.309017, -0.5, -0.809017, 0.0, 0.0, 0.0, 0.0, 1.0 ], [ 0.309017, 0.5, 0.809017, 0.0, -0.5, 0.809017, -0.309017, 0.0, -0.809017, -0.309017, 0.5, 0.0, 0.0, 0.0, 0.0, 1.0 ], [ -1.0, 0.0, 0.0, 0.0, 0.0, -1.0, 0.0, 0.0, 0.0, 0.0, 1.0, 0.0, 0.0, 0.0, 0.0, 1.0 ], [ 0.0, 0.0, -1.0, 0.0, -1.0, 0.0, 0.0, 0.0, 0.0, 1.0, 0.0, 0.0, 0.0, 0.0, 0.0, 1.0 ], [ 0.0, -1.0, 0.0, 0.0, 0.0, 0.0, -1.0, 0.0, 1.0, 0.0, 0.0, 0.0, 0.0, 0.0, 0.0, 1.0 ], [ -0.809017, -0.309017, -0.5, 0.0, -0.309017, -0.5, 0.809017, 0.0, -0.5, 0.809017, 0.309017, 0.0, 0.0, 0.0, 0.0, 1.0 ], [ 0.5, -0.809017, -0.309017, 0.0, -0.809017, -0.309017, -0.5, 0.0, 0.309017, 0.5, -0.809017, 0.0, 0.0, 0.0, 0.0, 1.0 ], [ -0.309017, -0.5, 0.809017, 0.0, 0.5, -0.809017, -0.309017, 0.0, 0.809017, 0.309017, 0.5, 0.0, 0.0, 0.0, 0.0, 1.0 ], [ -0.5, -0.809017, -0.309017, 0.0, -0.809017, 0.309017, 0.5, 0.0, -0.309017, 0.5, -0.809017, 0.0, 0.0, 0.0, 0.0, 1.0 ], [ 0.309017, -0.5, 0.809017, 0.0, -0.5, -0.809017, -0.309017, 0.0, 0.809017, -0.309017, -0.5, 0.0, 0.0, 0.0, 0.0, 1.0 ], [ -0.809017, 0.309017, 0.5, 0.0, 0.309017, -0.5, 0.809017, 0.0, 0.5, 0.809017, 0.309017, 0.0, 0.0, 0.0, 0.0, 1.0 ], [ -0.5, -0.809017, 0.309017, 0.0, -0.809017, 0.309017, -0.5, 0.0, 0.309017, -0.5, -0.809017, 0.0, 0.0, 0.0, 0.0, 1.0 ], [ -0.309017, 0.5, 0.809017, 0.0, -0.5, -0.809017, 0.309017, 0.0, 0.809017, -0.309017, 0.5, 0.0, 0.0, 0.0, 0.0, 1.0 ], [ -0.809017, 0.309017, -0.5, 0.0, -0.309017, 0.5, 0.809017, 0.0, 0.5, 0.809017, -0.309017, 0.0, 0.0, 0.0, 0.0, 1.0 ], [ -0.809017, -0.309017, 0.5, 0.0, -0.309017, -0.5, -0.809017, 0.0, 0.5, -0.809017, 0.309017, 0.0, 0.0, 0.0, 0.0, 1.0 ], [ -0.5, 0.809017, -0.309017, 0.0, -0.809017, -0.309017, 0.5, 0.0, 0.309017, 0.5, 0.809017, 0.0, 0.0, 0.0, 0.0, 1.0 ], [ -0.309017, -0.5, -0.809017, 0.0, -0.5, 0.809017, -0.309017, 0.0, 0.809017, 0.309017, -0.5, 0.0, 0.0, 0.0, 0.0, 1.0 ], [ -1.0, 0.0, 0.0, 0.0, 0.0, 1.0, 0.0, 0.0, 0.0, 0.0, -1.0, 0.0, 0.0, 0.0, 0.0, 1.0 ], [ 0.0, 0.0, -1.0, 0.0, 1.0, 0.0, 0.0, 0.0, 0.0, -1.0, 0.0, 0.0, 0.0, 0.0, 0.0, 1.0 ], [ 0.0, -1.0, 0.0, 0.0, 0.0, 0.0, 1.0, 0.0, -1.0, 0.0, 0.0, 0.0, 0.0, 0.0, 0.0, 1.0 ], [ -0.809017, -0.309017, -0.5, 0.0, 0.309017, 0.5, -0.809017, 0.0, 0.5, -0.809017, -0.309017, 0.0, 0.0, 0.0, 0.0, 1.0 ], [ 0.5, -0.809017, -0.309017, 0.0, 0.809017, 0.309017, 0.5, 0.0, -0.309017, -0.5, 0.809017, 0.0, 0.0, 0.0, 0.0, 1.0 ], [ -0.309017, -0.5, 0.809017, 0.0, -0.5, 0.809017, 0.309017, 0.0, -0.809017, -0.309017, -0.5, 0.0, 0.0, 0.0, 0.0, 1.0 ], [ -0.5, -0.809017, -0.309017, 0.0, 0.809017, -0.309017, -0.5, 0.0, 0.309017, -0.5, 0.809017, 0.0, 0.0, 0.0, 0.0, 1.0 ], [ 0.309017, -0.5, 0.809017, 0.0, 0.5, 0.809017, 0.309017, 0.0, -0.809017, 0.309017, 0.5, 0.0, 0.0, 0.0, 0.0, 1.0 ], [ -0.809017, 0.309017, 0.5, 0.0, -0.309017, 0.5, -0.809017, 0.0, -0.5, -0.809017, -0.309017, 0.0, 0.0, 0.0, 0.0, 1.0 ], [ -0.5, -0.809017, 0.309017, 0.0, 0.809017, -0.309017, 0.5, 0.0, -0.309017, 0.5, 0.809017, 0.0, 0.0, 0.0, 0.0, 1.0 ], [ -0.309017, 0.5, 0.809017, 0.0, 0.5, 0.809017, -0.309017, 0.0, -0.809017, 0.309017, -0.5, 0.0, 0.0, 0.0, 0.0, 1.0 ], [ -0.809017, 0.309017, -0.5, 0.0, 0.309017, -0.5, -0.809017, 0.0, -0.5, -0.809017, 0.309017, 0.0, 0.0, 0.0, 0.0, 1.0 ], [ -0.809017, -0.309017, 0.5, 0.0, 0.309017, 0.5, 0.809017, 0.0, -0.5, 0.809017, -0.309017, 0.0, 0.0, 0.0, 0.0, 1.0 ], [ -0.5, 0.809017, -0.309017, 0.0, 0.809017, 0.309017, -0.5, 0.0, -0.309017, -0.5, -0.809017, 0.0, 0.0, 0.0, 0.0, 1.0 ], [ -0.309017, -0.5, -0.809017, 0.0, 0.5, -0.809017, 0.309017, 0.0, -0.809017, -0.309017, 0.5, 0.0, 0.0, 0.0, 0.0, 1.0 ] ],
  "lights" : {
    "directionalLights" : [ {
      "direction" : {
        "x" : 1.0,
        "y" : -1.0,
        "z" : -1.0
      },
      "color" : "#EBEBE4"
    }, {
      "direction" : {
        "x" : -1.0,
        "y" : 0.0,
        "z" : 0.0
      },
      "color" : "#E4E4EB"
    }, {
      "direction" : {
        "x" : 0.0,
        "y" : 0.0,
        "z" : -1.0
      },
      "color" : "#1E1E1E"
    } ],
    "backgroundColor" : "#AFC8DC",
    "ambientColor" : "#292929"
  },
  "camera" : {
    "position" : {
      "x" : 179.08409,
      "y" : -47.855217,
      "z" : 127.57454
    },
    "width" : 100.521545,
    "nearClipDistance" : 0.5584529,
    "fieldOfView" : 0.442629,
    "farClipDistance" : 446.76212,
    "perspective" : false,
    "viewDistance" : 223.38115,
    "lookAtPoint" : {
      "x" : -5.236068,
      "y" : -11.09017,
      "z" : 6.854102
    },
    "stereo" : false,
    "lookDirection" : {
      "x" : -0.8251375,
      "y" : 0.16458438,
      "z" : -0.5404236
    },
    "upDirection" : {
      "x" : 0.120200746,
      "y" : -0.88355756,
      "z" : -0.45261535
    }
  },
  "embedding" : [ 1.0, 0.0, 0.0, 0.0, 0.0, 1.0, 0.0, 0.0, 0.0, 0.0, 1.0, 0.0, 0.0, 0.0, 0.0, 1.0 ],
  "shapes" : [ {
    "id" : "e24fe55a-264d-4f03-856b-c78b504fb05a",
    "vertices" : [ {
      "x" : -4.236068,
      "y" : 6.854102,
      "z" : 2.618034
    }, {
      "x" : 2.618034,
      "y" : 6.854102,
      "z" : 0.0
    }, {
      "x" : 0.0,
      "y" : 0.0,
      "z" : 0.0
    }, {
      "x" : -6.854102,
      "y" : 0.0,
      "z" : 2.618034
    } ],
    "faces" : [ {
      "vertices" : [ 0, 1, 2 ]
    }, {
      "vertices" : [ 0, 2, 3 ]
    }, {
      "vertices" : [ 0, 3, 2 ]
    }, {
      "vertices" : [ 0, 2, 1 ]
    } ]
  }, {
    "id" : "d7a14b2a-9c33-43b4-a391-9f38c45373f1",
    "vertices" : [ {
      "x" : 6.854102,
      "y" : 0.0,
      "z" : -2.618034
    }, {
      "x" : 6.545085,
      "y" : 0.0,
      "z" : -2.5
    }, {
      "x" : 6.1405764,
      "y" : -0.1545085,
      "z" : -2.059017
    }, {
      "x" : 5.9495935,
      "y" : -0.1545085,
      "z" : -2.559017
    }, {
      "x" : 0.9045085,
      "y" : -0.1545085,
      "z" : -0.059016995
    }, {
      "x" : 0.809017,
      "y" : 0.309017,
      "z" : -0.309017
    }, {
      "x" : 0.309017,
      "y" : 0.0,
      "z" : -0.11803399
    }, {
      "x" : 6.045085,
      "y" : 0.309017,
      "z" : -2.309017
    }, {
      "x" : 0.7135255,
      "y" : -0.1545085,
      "z" : -0.559017
    } ],
    "faces" : [ {
      "vertices" : [ 2, 4, 8 ]
    }, {
      "vertices" : [ 2, 8, 3 ]
    }, {
      "vertices" : [ 2, 7, 5 ]
    }, {
      "vertices" : [ 2, 5, 4 ]
    }, {
      "vertices" : [ 4, 6, 8 ]
    }, {
      "vertices" : [ 5, 8, 6 ]
    }, {
      "vertices" : [ 1, 2, 3 ]
    }, {
      "vertices" : [ 3, 8, 5 ]
    }, {
      "vertices" : [ 3, 5, 7 ]
    }, {
      "vertices" : [ 1, 7, 2 ]
    }, {
      "vertices" : [ 1, 3, 7 ]
    }, {
      "vertices" : [ 4, 5, 6 ]
    } ]
  }, {
    "id" : "b78ad317-e310-46a8-82cc-606e4bd0639b",
    "vertices" : [ {
      "x" : 1.0,
      "y" : 0.309017,
      "z" : 0.19098301
    }, {
      "x" : 1.0,
      "y" : -0.309017,
      "z" : 0.19098301
    }, {
      "x" : 15.944272,
      "y" : -0.309017,
      "z" : 0.19098301
    }, {
      "x" : 15.944272,
      "y" : 0.309017,
      "z" : 0.19098301
    }, {
      "x" : 15.944272,
      "y" : -0.309017,
      "z" : -0.19098301
    }, {
      "x" : 15.944272,
      "y" : 0.309017,
      "z" : -0.19098301
    }, {
      "x" : 16.562305,
      "y" : 0.0,
      "z" : 0.0
    }, {
      "x" : 0.38196602,
      "y" : 0.0,
      "z" : 0.0
    }, {
      "x" : 1.0,
      "y" : 0.309017,
      "z" : -0.19098301
    }, {
      "x" : 1.0,
      "y" : -0.309017,
      "z" : -0.19098301
    }, {
      "x" : 16.944271,
      "y" : 0.0,
      "z" : 0.0
    } ],
    "faces" : [ {
      "vertices" : [ 1, 9, 4 ]
    }, {
      "vertices" : [ 1, 4, 2 ]
    }, {
      "vertices" : [ 0, 3, 5 ]
    }, {
      "vertices" : [ 0, 5, 8 ]
    }, {
      "vertices" : [ 1, 7, 9 ]
    }, {
      "vertices" : [ 0, 1, 2 ]
    }, {
      "vertices" : [ 0, 2, 3 ]
    }, {
      "vertices" : [ 7, 8, 9 ]
    }, {
      "vertices" : [ 0, 7, 1 ]
    }, {
      "vertices" : [ 4, 9, 8 ]
    }, {
      "vertices" : [ 4, 8, 5 ]
    }, {
      "vertices" : [ 2, 6, 3 ]
    }, {
      "vertices" : [ 2, 4, 6 ]
    }, {
      "vertices" : [ 3, 6, 5 ]
    }, {
      "vertices" : [ 4, 5, 6 ]
    }, {
      "vertices" : [ 0, 8, 7 ]
    } ]
  }, {
    "id" : "ec9f910d-3cbd-4435-9615-960bc96a9b3b",
    "vertices" : [ {
      "x" : 6.854102,
      "y" : 5.236068,
      "z" : 11.09017
    }, {
      "x" : 0.0,
      "y" : 5.236068,
      "z" : 13.708204
    }, {
      "x" : -2.618034,
      "y" : -1.618034,
      "z" : 13.708204
    }, {
      "x" : 4.236068,
      "y" : -1.618034,
      "z" : 11.09017
    } ],
    "faces" : [ {
      "vertices" : [ 0, 1, 2 ]
    }, {
      "vertices" : [ 0, 2, 3 ]
    }, {
      "vertices" : [ 0, 3, 2 ]
    }, {
      "vertices" : [ 0, 2, 1 ]
    } ]
  }, {
    "id" : "71537fc2-56e8-4f54-a1b3-aa463e474c6a",
    "vertices" : [ {
      "x" : 8.472136,
      "y" : -11.09017,
      "z" : 1.618034
    }, {
      "x" : 3.236068,
      "y" : -19.562305,
      "z" : 15.326238
    }, {
      "x" : -10.472136,
      "y" : -24.798374,
      "z" : 6.854102
    }, {
      "x" : -5.236068,
      "y" : -16.326239,
      "z" : -6.854102
    } ],
    "faces" : [ {
      "vertices" : [ 0, 1, 2 ]
    }, {
      "vertices" : [ 0, 2, 3 ]
    }, {
      "vertices" : [ 0, 3, 2 ]
    }, {
      "vertices" : [ 0, 2, 1 ]
    } ]
  }, {
    "id" : "1b0f7e1f-bdf9-4ce3-97ae-b3222a89fd0a",
    "vertices" : [ {
      "x" : -0.309017,
      "y" : -0.19098301,
      "z" : 0.0
    }, {
      "x" : -0.309017,
      "y" : 0.19098301,
      "z" : 0.0
    }, {
      "x" : -0.19098301,
      "y" : 0.0,
      "z" : -0.309017
    }, {
      "x" : -0.19098301,
      "y" : 0.0,
      "z" : 0.309017
    }, {
      "x" : 0.0,
      "y" : -0.309017,
      "z" : -0.19098301
    }, {
      "x" : 0.0,
      "y" : -0.309017,
      "z" : 0.19098301
    }, {
      "x" : 0.0,
      "y" : 0.309017,
      "z" : -0.19098301
    }, {
      "x" : 0.0,
      "y" : 0.309017,
      "z" : 0.19098301
    }, {
      "x" : 0.19098301,
      "y" : 0.0,
      "z" : -0.309017
    }, {
      "x" : 0.19098301,
      "y" : 0.0,
      "z" : 0.309017
    }, {
      "x" : 0.309017,
      "y" : -0.19098301,
      "z" : 0.0
    }, {
      "x" : 0.309017,
      "y" : 0.19098301,
      "z" : 0.0
    } ],
    "faces" : [ {
      "vertices" : [ 0, 1, 2 ]
    }, {
      "vertices" : [ 0, 3, 1 ]
    }, {
      "vertices" : [ 0, 2, 4 ]
    }, {
      "vertices" : [ 0, 5, 3 ]
    }, {
      "vertices" : [ 0, 4, 5 ]
    }, {
      "vertices" : [ 1, 6, 2 ]
    }, {
      "vertices" : [ 1, 3, 7 ]
    }, {
      "vertices" : [ 1, 7, 6 ]
    }, {
      "vertices" : [ 2, 8, 4 ]
    }, {
      "vertices" : [ 2, 6, 8 ]
    }, {
      "vertices" : [ 3, 5, 9 ]
    }, {
      "vertices" : [ 3, 9, 7 ]
    }, {
      "vertices" : [ 4, 10, 5 ]
    }, {
      "vertices" : [ 4, 8, 10 ]
    }, {
      "vertices" : [ 5, 10, 9 ]
    }, {
      "vertices" : [ 6, 7, 11 ]
    }, {
      "vertices" : [ 6, 11, 8 ]
    }, {
      "vertices" : [ 7, 9, 11 ]
    }, {
      "vertices" : [ 8, 11, 10 ]
    }, {
      "vertices" : [ 9, 10, 11 ]
    } ]
  }, {
    "id" : "a44e1061-1135-40ed-938a-6e639adfb369",
    "vertices" : [ {
      "x" : 10.781153,
      "y" : 4.118034,
      "z" : -1.572949
    }, {
      "x" : 10.399187,
      "y" : 3.663119,
      "z" : -1.381966
    }, {
      "x" : 10.236068,
      "y" : 3.927051,
      "z" : -1.809017
    }, {
      "x" : 10.163119,
      "y" : 4.190983,
      "z" : -1.618034
    }, {
      "x" : 0.85410196,
      "y" : 0.309017,
      "z" : 0.19098301
    }, {
      "x" : 0.690983,
      "y" : 0.572949,
      "z" : -0.23606798
    }, {
      "x" : 0.309017,
      "y" : 0.11803399,
      "z" : -0.045084972
    }, {
      "x" : 0.76393205,
      "y" : 0.309017,
      "z" : -0.42705098
    }, {
      "x" : 0.927051,
      "y" : 0.045084972,
      "z" : 0.0
    }, {
      "x" : 10.326238,
      "y" : 3.927051,
      "z" : -1.190983
    }, {
      "x" : 11.09017,
      "y" : 4.236068,
      "z" : -1.618034
    } ],
    "faces" : [ {
      "vertices" : [ 2, 7, 5 ]
    }, {
      "vertices" : [ 2, 5, 3 ]
    }, {
      "vertices" : [ 1, 8, 7 ]
    }, {
      "vertices" : [ 1, 7, 2 ]
    }, {
      "vertices" : [ 4, 6, 8 ]
    }, {
      "vertices" : [ 5, 7, 6 ]
    }, {
      "vertices" : [ 0, 1, 2 ]
    }, {
      "vertices" : [ 0, 2, 3 ]
    }, {
      "vertices" : [ 6, 7, 8 ]
    }, {
      "vertices" : [ 3, 5, 4 ]
    }, {
      "vertices" : [ 3, 4, 9 ]
    }, {
      "vertices" : [ 1, 9, 4 ]
    }, {
      "vertices" : [ 1, 4, 8 ]
    }, {
      "vertices" : [ 0, 9, 1 ]
    }, {
      "vertices" : [ 0, 3, 9 ]
    }, {
      "vertices" : [ 4, 5, 6 ]
    } ]
  }, {
    "id" : "00d17bc5-b485-489a-b83a-f86833c72051",
    "vertices" : [ {
      "x" : 6.854102,
      "y" : 5.236068,
      "z" : 11.09017
    }, {
      "x" : 4.236068,
      "y" : -1.618034,
      "z" : 11.09017
    }, {
      "x" : 4.236068,
      "y" : -4.236068,
      "z" : 4.236068
    }, {
      "x" : 6.854102,
      "y" : 2.618034,
      "z" : 4.236068
    } ],
    "faces" : [ {
      "vertices" : [ 0, 1, 2 ]
    }, {
      "vertices" : [ 0, 2, 3 ]
    }, {
      "vertices" : [ 0, 3, 2 ]
    }, {
      "vertices" : [ 0, 2, 1 ]
    } ]
  }, {
    "id" : "2542305c-f019-45fc-b551-1ec9a3ac91a7",
    "vertices" : [ {
      "x" : -4.236068,
      "y" : 6.854102,
      "z" : 2.618034
    }, {
      "x" : -6.854102,
      "y" : 0.0,
      "z" : 2.618034
    }, {
      "x" : -6.854102,
      "y" : 2.618034,
      "z" : 9.472136
    }, {
      "x" : -4.236068,
      "y" : 9.472136,
      "z" : 9.472136
    } ],
    "faces" : [ {
      "vertices" : [ 0, 1, 2 ]
    }, {
      "vertices" : [ 0, 2, 3 ]
    }, {
      "vertices" : [ 0, 3, 2 ]
    }, {
      "vertices" : [ 0, 2, 1 ]
    } ]
  }, {
    "id" : "73eb3a2f-c54d-412e-9d0d-9c50b451786a",
    "vertices" : [ {
      "x" : 4.236068,
      "y" : -1.618034,
      "z" : 11.09017
    }, {
      "x" : -2.618034,
      "y" : -1.618034,
      "z" : 13.708204
    }, {
      "x" : -2.618034,
      "y" : -4.236068,
      "z" : 6.854102
    }, {
      "x" : 4.236068,
      "y" : -4.236068,
      "z" : 4.236068
    } ],
    "faces" : [ {
      "vertices" : [ 0, 1, 2 ]
    }, {
      "vertices" : [ 0, 2, 3 ]
    }, {
      "vertices" : [ 0, 3, 2 ]
    }, {
      "vertices" : [ 0, 2, 1 ]
    } ]
  }, {
    "id" : "8da50b84-f285-4ec3-a99c-9d9fc52500c3",
    "vertices" : [ {
      "x" : 0.0,
      "y" : 2.618034,
      "z" : 6.854102
    }, {
      "x" : -13.708204,
      "y" : -2.618034,
      "z" : -1.618034
    }, {
      "x" : -5.236068,
      "y" : -16.326239,
      "z" : -6.854102
    }, {
      "x" : 8.472136,
      "y" : -11.09017,
      "z" : 1.618034
    } ],
    "faces" : [ {
      "vertices" : [ 0, 1, 2 ]
    }, {
      "vertices" : [ 0, 2, 3 ]
    }, {
      "vertices" : [ 0, 3, 2 ]
    }, {
      "vertices" : [ 0, 2, 1 ]
    } ]
  }, {
    "id" : "dc8ffdd8-0fae-44a0-a480-7affd49e6c5e",
    "vertices" : [ {
      "x" : 2.618034,
      "y" : 6.854102,
      "z" : 0.0
    }, {
      "x" : 6.854102,
      "y" : 2.618034,
      "z" : 4.236068
    }, {
      "x" : 6.854102,
      "y" : 5.236068,
      "z" : 11.09017
    }, {
      "x" : 2.618034,
      "y" : 9.472136,
      "z" : 6.854102
    } ],
    "faces" : [ {
      "vertices" : [ 0, 1, 2 ]
    }, {
      "vertices" : [ 0, 2, 3 ]
    }, {
      "vertices" : [ 0, 3, 2 ]
    }, {
      "vertices" : [ 0, 2, 1 ]
    } ]
  }, {
    "id" : "ee3fbc46-fea0-494d-9180-aa40b4f7bbdd",
    "vertices" : [ {
      "x" : -2.618034,
      "y" : -1.618034,
      "z" : 13.708204
    }, {
      "x" : -6.854102,
      "y" : 2.618034,
      "z" : 9.472136
    }, {
      "x" : -6.854102,
      "y" : 0.0,
      "z" : 2.618034
    }, {
      "x" : -2.618034,
      "y" : -4.236068,
      "z" : 6.854102
    } ],
    "faces" : [ {
      "vertices" : [ 0, 1, 2 ]
    }, {
      "vertices" : [ 0, 2, 3 ]
    }, {
      "vertices" : [ 0, 3, 2 ]
    }, {
      "vertices" : [ 0, 2, 1 ]
    } ]
  }, {
    "id" : "af610863-d6b5-41b6-aa9a-75879dc4f135",
    "vertices" : [ {
      "x" : 0.0,
      "y" : 2.618034,
      "z" : 6.854102
    }, {
      "x" : -13.708204,
      "y" : -2.618034,
      "z" : -1.618034
    }, {
      "x" : -18.944271,
      "y" : -11.09017,
      "z" : 12.09017
    }, {
      "x" : -5.236068,
      "y" : -5.854102,
      "z" : 20.562305
    } ],
    "faces" : [ {
      "vertices" : [ 0, 1, 2 ]
    }, {
      "vertices" : [ 0, 2, 3 ]
    }, {
      "vertices" : [ 0, 3, 2 ]
    }, {
      "vertices" : [ 0, 2, 1 ]
    } ]
  }, {
    "id" : "227059ff-a70a-4bc4-a24a-0b4f24b0213f",
    "vertices" : [ {
      "x" : -5.236068,
      "y" : -5.854102,
      "z" : 20.562305
    }, {
      "x" : 0.0,
      "y" : 2.618034,
      "z" : 6.854102
    }, {
      "x" : 8.472136,
      "y" : -11.09017,
      "z" : 1.618034
    }, {
      "x" : 3.236068,
      "y" : -19.562305,
      "z" : 15.326238
    } ],
    "faces" : [ {
      "vertices" : [ 0, 1, 2 ]
    }, {
      "vertices" : [ 0, 2, 3 ]
    }, {
      "vertices" : [ 0, 3, 2 ]
    }, {
      "vertices" : [ 0, 2, 1 ]
    } ]
  }, {
    "id" : "6fc6aebd-dacb-4da6-80d3-57a5e7826384",
    "vertices" : [ {
      "x" : -5.236068,
      "y" : -5.854102,
      "z" : 20.562305
    }, {
      "x" : -18.944271,
      "y" : -11.09017,
      "z" : 12.09017
    }, {
      "x" : -10.472136,
      "y" : -24.798374,
      "z" : 6.854102
    }, {
      "x" : 3.236068,
      "y" : -19.562305,
      "z" : 15.326238
    } ],
    "faces" : [ {
      "vertices" : [ 0, 1, 2 ]
    }, {
      "vertices" : [ 0, 2, 3 ]
    }, {
      "vertices" : [ 0, 3, 2 ]
    }, {
      "vertices" : [ 0, 2, 1 ]
    } ]
  }, {
    "id" : "3f84cfbb-5ddd-4f8c-8904-df22b7176e36",
    "vertices" : [ {
      "x" : 2.618034,
      "y" : 6.854102,
      "z" : 0.0
    }, {
      "x" : 2.618034,
      "y" : 9.472136,
      "z" : 6.854102
    }, {
      "x" : -4.236068,
      "y" : 9.472136,
      "z" : 9.472136
    }, {
      "x" : -4.236068,
      "y" : 6.854102,
      "z" : 2.618034
    } ],
    "faces" : [ {
      "vertices" : [ 0, 1, 2 ]
    }, {
      "vertices" : [ 0, 2, 3 ]
    }, {
      "vertices" : [ 0, 3, 2 ]
    }, {
      "vertices" : [ 0, 2, 1 ]
    } ]
  }, {
    "id" : "9dd9f614-da57-46e9-aa0d-b4d8b293353d",
    "vertices" : [ {
      "x" : -2.618034,
      "y" : -1.618034,
      "z" : 13.708204
    }, {
      "x" : -6.854102,
      "y" : 2.618034,
      "z" : 9.472136
    }, {
      "x" : -4.236068,
      "y" : 9.472136,
      "z" : 9.472136
    }, {
      "x" : 0.0,
      "y" : 5.236068,
      "z" : 13.708204
    } ],
    "faces" : [ {
      "vertices" : [ 0, 1, 2 ]
    }, {
      "vertices" : [ 0, 2, 3 ]
    }, {
      "vertices" : [ 0, 3, 2 ]
    }, {
      "vertices" : [ 0, 2, 1 ]
    } ]
  }, {
    "id" : "66e6e30c-c6d6-4b50-a328-dbbceb79d09b",
    "vertices" : [ {
      "x" : -13.708204,
      "y" : -2.618034,
      "z" : -1.618034
    }, {
      "x" : -5.236068,
      "y" : -16.326239,
      "z" : -6.854102
    }, {
      "x" : -10.472136,
      "y" : -24.798374,
      "z" : 6.854102
    }, {
      "x" : -18.944271,
      "y" : -11.09017,
      "z" : 12.09017
    } ],
    "faces" : [ {
      "vertices" : [ 0, 1, 2 ]
    }, {
      "vertices" : [ 0, 2, 3 ]
    }, {
      "vertices" : [ 0, 3, 2 ]
    }, {
      "vertices" : [ 0, 2, 1 ]
    } ]
  }, {
    "id" : "9b22a8bc-565a-4e76-8e54-e6192ce221e8",
    "vertices" : [ {
      "x" : 6.854102,
      "y" : 2.618034,
      "z" : 4.236068
    }, {
      "x" : 4.236068,
      "y" : -4.236068,
      "z" : 4.236068
    }, {
      "x" : 0.0,
      "y" : 0.0,
      "z" : 0.0
    }, {
      "x" : 2.618034,
      "y" : 6.854102,
      "z" : 0.0
    } ],
    "faces" : [ {
      "vertices" : [ 0, 1, 2 ]
    }, {
      "vertices" : [ 0, 2, 3 ]
    }, {
      "vertices" : [ 0, 3, 2 ]
    }, {
      "vertices" : [ 0, 2, 1 ]
    } ]
  }, {
    "id" : "fc5ad7e5-1a2c-43ea-b18c-853540cb47bf",
    "vertices" : [ {
      "x" : 0.0,
      "y" : 0.0,
      "z" : 0.0
    }, {
      "x" : 4.236068,
      "y" : -4.236068,
      "z" : 4.236068
    }, {
      "x" : -2.618034,
      "y" : -4.236068,
      "z" : 6.854102
    }, {
      "x" : -6.854102,
      "y" : 0.0,
      "z" : 2.618034
    } ],
    "faces" : [ {
      "vertices" : [ 0, 1, 2 ]
    }, {
      "vertices" : [ 0, 2, 3 ]
    }, {
      "vertices" : [ 0, 3, 2 ]
    }, {
      "vertices" : [ 0, 2, 1 ]
    } ]
  }, {
    "id" : "cde82dce-bcaf-40fd-b1be-303dec55cd4d",
    "vertices" : [ {
      "x" : 6.854102,
      "y" : 5.236068,
      "z" : 11.09017
    }, {
      "x" : 2.618034,
      "y" : 9.472136,
      "z" : 6.854102
    }, {
      "x" : -4.236068,
      "y" : 9.472136,
      "z" : 9.472136
    }, {
      "x" : 0.0,
      "y" : 5.236068,
      "z" : 13.708204
    } ],
    "faces" : [ {
      "vertices" : [ 0, 1, 2 ]
    }, {
      "vertices" : [ 0, 2, 3 ]
    }, {
      "vertices" : [ 0, 3, 2 ]
    }, {
      "vertices" : [ 0, 2, 1 ]
    } ]
  } ],
  "instances" : [ {
    "shape" : "e24fe55a-264d-4f03-856b-c78b504fb05a",
    "color" : "#7FC69A",
    "position" : {
      "x" : 0.0,
      "y" : 0.0,
      "z" : 0.0
    }
  }, {
    "shape" : "d7a14b2a-9c33-43b4-a391-9f38c45373f1",
    "color" : "#F0A000",
    "position" : {
      "x" : 6.854102,
      "y" : 2.618034,
      "z" : 4.236068
    },
    "orientation" : 7
  }, {
    "shape" : "b78ad317-e310-46a8-82cc-606e4bd0639b",
    "color" : "#007695",
    "position" : {
      "x" : -18.944271,
      "y" : -11.09017,
      "z" : 12.09017
    },
    "orientation" : 11
  }, {
    "shape" : "ec9f910d-3cbd-4435-9615-960bc96a9b3b",
    "color" : "#7FC69A",
    "position" : {
      "x" : 0.0,
      "y" : 0.0,
      "z" : 0.0
    }
  }, {
    "shape" : "d7a14b2a-9c33-43b4-a391-9f38c45373f1",
    "color" : "#F0A000",
    "position" : {
      "x" : 4.236068,
      "y" : -1.618034,
      "z" : 11.09017
    },
    "orientation" : 6
  }, {
    "shape" : "71537fc2-56e8-4f54-a1b3-aa463e474c6a",
    "color" : "#7FBACA",
    "position" : {
      "x" : 0.0,
      "y" : 0.0,
      "z" : 0.0
    }
  }, {
    "shape" : "d7a14b2a-9c33-43b4-a391-9f38c45373f1",
    "color" : "#F0A000",
    "position" : {
      "x" : -4.236068,
      "y" : 6.854102,
      "z" : 2.618034
    },
    "orientation" : 7
  }, {
    "shape" : "d7a14b2a-9c33-43b4-a391-9f38c45373f1",
    "color" : "#F0A000",
    "position" : {
      "x" : -2.618034,
      "y" : -4.236068,
      "z" : 6.854102
    },
    "orientation" : 54
  }, {
    "shape" : "b78ad317-e310-46a8-82cc-606e4bd0639b",
    "color" : "#007695",
    "position" : {
      "x" : -10.472136,
      "y" : -24.798374,
      "z" : 6.854102
    },
    "orientation" : 51
  }, {
    "shape" : "1b0f7e1f-bdf9-4ce3-97ae-b3222a89fd0a",
    "color" : "#FFFFFF",
    "position" : {
      "x" : 6.854102,
      "y" : 2.618034,
      "z" : 4.236068
    }
  }, {
    "shape" : "d7a14b2a-9c33-43b4-a391-9f38c45373f1",
    "color" : "#F0A000",
    "position" : {
      "x" : -6.854102,
      "y" : 2.618034,
      "z" : 9.472136
    },
    "orientation" : 5
  }, {
    "shape" : "1b0f7e1f-bdf9-4ce3-97ae-b3222a89fd0a",
    "color" : "#FFFFFF",
    "position" : {
      "x" : 1.618034,
      "y" : -8.472136,
      "z" : 11.09017
    }
  }, {
    "shape" : "d7a14b2a-9c33-43b4-a391-9f38c45373f1",
    "color" : "#F0A000",
    "position" : {
      "x" : 0.0,
      "y" : 5.236068,
      "z" : 13.708204
    },
    "orientation" : 16
  }, {
    "shape" : "d7a14b2a-9c33-43b4-a391-9f38c45373f1",
    "color" : "#F0A000",
    "position" : {
      "x" : 0.0,
      "y" : 0.0,
      "z" : 0.0
    },
    "orientation" : 6
  }, {
    "shape" : "1b0f7e1f-bdf9-4ce3-97ae-b3222a89fd0a",
    "color" : "#FFFFFF",
    "position" : {
      "x" : 0.0,
      "y" : 2.618034,
      "z" : 6.854102
    }
  }, {
    "shape" : "a44e1061-1135-40ed-938a-6e639adfb369",
    "color" : "#008D36",
    "position" : {
      "x" : 0.0,
      "y" : 2.618034,
      "z" : 6.854102
    },
    "orientation" : 39
  }, {
    "shape" : "b78ad317-e310-46a8-82cc-606e4bd0639b",
    "color" : "#007695",
    "position" : {
      "x" : -10.472136,
      "y" : -24.798374,
      "z" : 6.854102
    },
    "orientation" : 52
  }, {
    "shape" : "b78ad317-e310-46a8-82cc-606e4bd0639b",
    "color" : "#007695",
    "position" : {
      "x" : 3.236068,
      "y" : -19.562305,
      "z" : 15.326238
    },
    "orientation" : 51
  }, {
    "shape" : "00d17bc5-b485-489a-b83a-f86833c72051",
    "color" : "#7FC69A",
    "position" : {
      "x" : 0.0,
      "y" : 0.0,
      "z" : 0.0
    }
  }, {
    "shape" : "d7a14b2a-9c33-43b4-a391-9f38c45373f1",
    "color" : "#F0A000",
    "position" : {
      "x" : 0.0,
      "y" : 0.0,
      "z" : 0.0
    },
    "orientation" : 5
  }, {
    "shape" : "2542305c-f019-45fc-b551-1ec9a3ac91a7",
    "color" : "#7FC69A",
    "position" : {
      "x" : 0.0,
      "y" : 0.0,
      "z" : 0.0
    }
  }, {
    "shape" : "1b0f7e1f-bdf9-4ce3-97ae-b3222a89fd0a",
    "color" : "#FFFFFF",
    "position" : {
      "x" : -5.236068,
      "y" : -5.854102,
      "z" : 20.562305
    }
  }, {
    "shape" : "73eb3a2f-c54d-412e-9d0d-9c50b451786a",
    "color" : "#7FC69A",
    "position" : {
      "x" : 0.0,
      "y" : 0.0,
      "z" : 0.0
    }
  }, {
    "shape" : "1b0f7e1f-bdf9-4ce3-97ae-b3222a89fd0a",
    "color" : "#FFFFFF",
    "position" : {
      "x" : -4.236068,
      "y" : 9.472136,
      "z" : 9.472136
    }
  }, {
    "shape" : "a44e1061-1135-40ed-938a-6e639adfb369",
    "color" : "#008D36",
    "position" : {
      "x" : -12.09017,
      "y" : -13.708204,
      "z" : 2.618034
    },
    "orientation" : 31
  }, {
    "shape" : "1b0f7e1f-bdf9-4ce3-97ae-b3222a89fd0a",
    "color" : "#FFFFFF",
    "position" : {
      "x" : -2.618034,
      "y" : -1.618034,
      "z" : 13.708204
    }
  }, {
    "shape" : "1b0f7e1f-bdf9-4ce3-97ae-b3222a89fd0a",
    "color" : "#FFFFFF",
    "position" : {
      "x" : 3.236068,
      "y" : -19.562305,
      "z" : 15.326238
    }
  }, {
    "shape" : "a44e1061-1135-40ed-938a-6e639adfb369",
    "color" : "#008D36",
    "position" : {
      "x" : -13.708204,
      "y" : -2.618034,
      "z" : -1.618034
    },
    "orientation" : 31
  }, {
    "shape" : "d7a14b2a-9c33-43b4-a391-9f38c45373f1",
    "color" : "#F0A000",
    "position" : {
      "x" : -2.618034,
      "y" : -4.236068,
      "z" : 6.854102
    },
    "orientation" : 7
  }, {
    "shape" : "b78ad317-e310-46a8-82cc-606e4bd0639b",
    "color" : "#007695",
    "position" : {
      "x" : -18.944271,
      "y" : -11.09017,
      "z" : 12.09017
    },
    "orientation" : 52
  }, {
    "shape" : "b78ad317-e310-46a8-82cc-606e4bd0639b",
    "color" : "#007695",
    "position" : {
      "x" : -5.236068,
      "y" : -5.854102,
      "z" : 20.562305
    },
    "orientation" : 52
  }, {
    "shape" : "1b0f7e1f-bdf9-4ce3-97ae-b3222a89fd0a",
    "color" : "#FFFFFF",
    "position" : {
      "x" : -7.854102,
      "y" : -15.326238,
      "z" : 13.708204
    }
  }, {
    "shape" : "d7a14b2a-9c33-43b4-a391-9f38c45373f1",
    "color" : "#F0A000",
    "position" : {
      "x" : -4.236068,
      "y" : 6.854102,
      "z" : 2.618034
    },
    "orientation" : 0
  }, {
    "shape" : "1b0f7e1f-bdf9-4ce3-97ae-b3222a89fd0a",
    "color" : "#FFFFFF",
    "position" : {
      "x" : -13.708204,
      "y" : -2.618034,
      "z" : -1.618034
    }
  }, {
    "shape" : "d7a14b2a-9c33-43b4-a391-9f38c45373f1",
    "color" : "#F0A000",
    "position" : {
      "x" : -6.854102,
      "y" : 0.0,
      "z" : 2.618034
    },
    "orientation" : 0
  }, {
    "shape" : "1b0f7e1f-bdf9-4ce3-97ae-b3222a89fd0a",
    "color" : "#FFFFFF",
    "position" : {
      "x" : -5.236068,
      "y" : -16.326239,
      "z" : -6.854102
    }
  }, {
    "shape" : "a44e1061-1135-40ed-938a-6e639adfb369",
    "color" : "#008D36",
    "position" : {
      "x" : 0.0,
      "y" : 2.618034,
      "z" : 6.854102
    },
    "orientation" : 19
  }, {
    "shape" : "8da50b84-f285-4ec3-a99c-9d9fc52500c3",
    "color" : "#7FBACA",
    "position" : {
      "x" : 0.0,
      "y" : 0.0,
      "z" : 0.0
    }
  }, {
    "shape" : "d7a14b2a-9c33-43b4-a391-9f38c45373f1",
    "color" : "#F0A000",
    "position" : {
      "x" : 2.618034,
      "y" : 9.472136,
      "z" : 6.854102
    },
    "orientation" : 5
  }, {
    "shape" : "a44e1061-1135-40ed-938a-6e639adfb369",
    "color" : "#008D36",
    "position" : {
      "x" : -9.472136,
      "y" : -4.236068,
      "z" : 9.472136
    },
    "orientation" : 39
  }, {
    "shape" : "1b0f7e1f-bdf9-4ce3-97ae-b3222a89fd0a",
    "color" : "#FFFFFF",
    "position" : {
      "x" : -1.0,
      "y" : -17.944271,
      "z" : 4.236068
    }
  }, {
    "shape" : "d7a14b2a-9c33-43b4-a391-9f38c45373f1",
    "color" : "#F0A000",
    "position" : {
      "x" : 6.854102,
      "y" : 2.618034,
      "z" : 4.236068
    },
    "orientation" : 16
  }, {
    "shape" : "dc8ffdd8-0fae-44a0-a480-7affd49e6c5e",
    "color" : "#7FC69A",
    "position" : {
      "x" : 0.0,
      "y" : 0.0,
      "z" : 0.0
    }
  }, {
    "shape" : "a44e1061-1135-40ed-938a-6e639adfb369",
    "color" : "#008D36",
    "position" : {
      "x" : -2.618034,
      "y" : -6.854102,
      "z" : 0.0
    },
    "orientation" : 57
  }, {
    "shape" : "ee3fbc46-fea0-494d-9180-aa40b4f7bbdd",
    "color" : "#7FC69A",
    "position" : {
      "x" : 0.0,
      "y" : 0.0,
      "z" : 0.0
    }
  }, {
    "shape" : "1b0f7e1f-bdf9-4ce3-97ae-b3222a89fd0a",
    "color" : "#FFFFFF",
    "position" : {
      "x" : -9.472136,
      "y" : -4.236068,
      "z" : 9.472136
    }
  }, {
    "shape" : "1b0f7e1f-bdf9-4ce3-97ae-b3222a89fd0a",
    "color" : "#FFFFFF",
    "position" : {
      "x" : 2.618034,
      "y" : 9.472136,
      "z" : 6.854102
    }
  }, {
    "shape" : "a44e1061-1135-40ed-938a-6e639adfb369",
    "color" : "#008D36",
    "position" : {
      "x" : -7.854102,
      "y" : -15.326238,
      "z" : 13.708204
    },
    "orientation" : 15
  }, {
    "shape" : "1b0f7e1f-bdf9-4ce3-97ae-b3222a89fd0a",
    "color" : "#FFFFFF",
    "position" : {
      "x" : 0.0,
      "y" : 0.0,
      "z" : 0.0
    }
  }, {
    "shape" : "af610863-d6b5-41b6-aa9a-75879dc4f135",
    "color" : "#7FBACA",
    "position" : {
      "x" : 0.0,
      "y" : 0.0,
      "z" : 0.0
    }
  }, {
    "shape" : "227059ff-a70a-4bc4-a24a-0b4f24b0213f",
    "color" : "#7FBACA",
    "position" : {
      "x" : 0.0,
      "y" : 0.0,
      "z" : 0.0
    }
  }, {
    "shape" : "1b0f7e1f-bdf9-4ce3-97ae-b3222a89fd0a",
    "color" : "#FFFFFF",
    "position" : {
      "x" : 2.618034,
      "y" : 6.854102,
      "z" : 0.0
    }
  }, {
    "shape" : "1b0f7e1f-bdf9-4ce3-97ae-b3222a89fd0a",
    "color" : "#FFFFFF",
    "position" : {
      "x" : -12.09017,
      "y" : -13.708204,
      "z" : 2.618034
    }
  }, {
    "shape" : "1b0f7e1f-bdf9-4ce3-97ae-b3222a89fd0a",
    "color" : "#FFFFFF",
    "position" : {
      "x" : -4.236068,
      "y" : 6.854102,
      "z" : 2.618034
    }
  }, {
    "shape" : "a44e1061-1135-40ed-938a-6e639adfb369",
    "color" : "#008D36",
    "position" : {
      "x" : -5.236068,
      "y" : -5.854102,
      "z" : 20.562305
    },
    "orientation" : 26
  }, {
    "shape" : "1b0f7e1f-bdf9-4ce3-97ae-b3222a89fd0a",
    "color" : "#FFFFFF",
    "position" : {
      "x" : -2.618034,
      "y" : -6.854102,
      "z" : 0.0
    }
  }, {
    "shape" : "a44e1061-1135-40ed-938a-6e639adfb369",
    "color" : "#008D36",
    "position" : {
      "x" : -12.09017,
      "y" : -13.708204,
      "z" : 2.618034
    },
    "orientation" : 26
  }, {
    "shape" : "d7a14b2a-9c33-43b4-a391-9f38c45373f1",
    "color" : "#F0A000",
    "position" : {
      "x" : -6.854102,
      "y" : 2.618034,
      "z" : 9.472136
    },
    "orientation" : 22
  }, {
    "shape" : "d7a14b2a-9c33-43b4-a391-9f38c45373f1",
    "color" : "#F0A000",
    "position" : {
      "x" : 2.618034,
      "y" : 9.472136,
      "z" : 6.854102
    },
    "orientation" : 38
  }, {
    "shape" : "a44e1061-1135-40ed-938a-6e639adfb369",
    "color" : "#008D36",
    "position" : {
      "x" : 1.618034,
      "y" : -8.472136,
      "z" : 11.09017
    },
    "orientation" : 26
  }, {
    "shape" : "d7a14b2a-9c33-43b4-a391-9f38c45373f1",
    "color" : "#F0A000",
    "position" : {
      "x" : -2.618034,
      "y" : -4.236068,
      "z" : 6.854102
    },
    "orientation" : 0
  }, {
    "shape" : "1b0f7e1f-bdf9-4ce3-97ae-b3222a89fd0a",
    "color" : "#FFFFFF",
    "position" : {
      "x" : 8.472136,
      "y" : -11.09017,
      "z" : 1.618034
    }
  }, {
    "shape" : "a44e1061-1135-40ed-938a-6e639adfb369",
    "color" : "#008D36",
    "position" : {
      "x" : -10.472136,
      "y" : -24.798374,
      "z" : 6.854102
    },
    "orientation" : 10
  }, {
    "shape" : "6fc6aebd-dacb-4da6-80d3-57a5e7826384",
    "color" : "#7FBACA",
    "position" : {
      "x" : 0.0,
      "y" : 0.0,
      "z" : 0.0
    }
  }, {
    "shape" : "3f84cfbb-5ddd-4f8c-8904-df22b7176e36",
    "color" : "#7FC69A",
    "position" : {
      "x" : 0.0,
      "y" : 0.0,
      "z" : 0.0
    }
  }, {
    "shape" : "d7a14b2a-9c33-43b4-a391-9f38c45373f1",
    "color" : "#F0A000",
    "position" : {
      "x" : 2.618034,
      "y" : 6.854102,
      "z" : 0.0
    },
    "orientation" : 5
  }, {
    "shape" : "9dd9f614-da57-46e9-aa0d-b4d8b293353d",
    "color" : "#7FC69A",
    "position" : {
      "x" : 0.0,
      "y" : 0.0,
      "z" : 0.0
    }
  }, {
    "shape" : "1b0f7e1f-bdf9-4ce3-97ae-b3222a89fd0a",
    "color" : "#FFFFFF",
    "position" : {
      "x" : 6.854102,
      "y" : 5.236068,
      "z" : 11.09017
    }
  }, {
    "shape" : "66e6e30c-c6d6-4b50-a328-dbbceb79d09b",
    "color" : "#7FBACA",
    "position" : {
      "x" : 0.0,
      "y" : 0.0,
      "z" : 0.0
    }
  }, {
    "shape" : "b78ad317-e310-46a8-82cc-606e4bd0639b",
    "color" : "#007695",
    "position" : {
      "x" : 8.472136,
      "y" : -11.09017,
      "z" : 1.618034
    },
    "orientation" : 51
  }, {
    "shape" : "1b0f7e1f-bdf9-4ce3-97ae-b3222a89fd0a",
    "color" : "#FFFFFF",
    "position" : {
      "x" : -2.618034,
      "y" : -4.236068,
      "z" : 6.854102
    }
  }, {
    "shape" : "a44e1061-1135-40ed-938a-6e639adfb369",
    "color" : "#008D36",
    "position" : {
      "x" : 3.236068,
      "y" : -19.562305,
      "z" : 15.326238
    },
    "orientation" : 58
  }, {
    "shape" : "1b0f7e1f-bdf9-4ce3-97ae-b3222a89fd0a",
    "color" : "#FFFFFF",
    "position" : {
      "x" : -10.472136,
      "y" : -24.798374,
      "z" : 6.854102
    }
  }, {
    "shape" : "a44e1061-1135-40ed-938a-6e639adfb369",
    "color" : "#008D36",
    "position" : {
      "x" : -9.472136,
      "y" : -4.236068,
      "z" : 9.472136
    },
    "orientation" : 2
  }, {
    "shape" : "d7a14b2a-9c33-43b4-a391-9f38c45373f1",
    "color" : "#F0A000",
    "position" : {
      "x" : -4.236068,
      "y" : 6.854102,
      "z" : 2.618034
    },
    "orientation" : 16
  }, {
    "shape" : "a44e1061-1135-40ed-938a-6e639adfb369",
    "color" : "#008D36",
    "position" : {
      "x" : -1.0,
      "y" : -17.944271,
      "z" : 4.236068
    },
    "orientation" : 2
  }, {
    "shape" : "b78ad317-e310-46a8-82cc-606e4bd0639b",
    "color" : "#007695",
    "position" : {
      "x" : -5.236068,
      "y" : -16.326239,
      "z" : -6.854102
    },
    "orientation" : 11
  }, {
    "shape" : "9b22a8bc-565a-4e76-8e54-e6192ce221e8",
    "color" : "#7FC69A",
