{
  "field" : "golden",
  "symmetry" : "icosahedral",
  "orientations" : [ [ 1.0, 0.0, 0.0, 0.0, 0.0, 1.0, 0.0, 0.0, 0.0, 0.0, 1.0, 0.0, 0.0, 0.0, 0.0, 1.0 ], [ 0.0, 0.0, 1.0, 0.0, 1.0, 0.0, 0.0, 0.0, 0.0, 1.0, 0.0, 0.0, 0.0, 0.0, 0.0, 1.0 ], [ 0.0, 1.0, 0.0, 0.0, 0.0, 0.0, 1.0, 0.0, 1.0, 0.0, 0.0, 0.0, 0.0, 0.0, 0.0, 1.0 ], [ 0.809017, 0.309017, 0.5, 0.0, 0.309017, 0.5, -0.809017, 0.0, -0.5, 0.809017, 0.309017, 0.0, 0.0, 0.0, 0.0, 1.0 ], [ -0.5, 0.809017, 0.309017, 0.0, 0.809017, 0.309017, 0.5, 0.0, 0.309017, 0.5, -0.809017, 0.0, 0.0, 0.0, 0.0, 1.0 ], [ 0.309017, 0.5, -0.809017, 0.0, -0.5, 0.809017, 0.309017, 0.0, 0.809017, 0.309017, 0.5, 0.0, 0.0, 0.0, 0.0, 1.0 ], [ 0.5, 0.809017, 0.309017, 0.0, 0.809017, -0.309017, -0.5, 0.0, -0.309017, 0.5, -0.809017, 0.0, 0.0, 0.0, 0.0, 1.0 ], [ -0.309017, 0.5, -0.809017, 0.0, 0.5, 0.809017, 0.309017, 0.0, 0.809017, -0.309017, -0.5, 0.0, 0.0, 0.0, 0.0, 1.0 ], [ 0.809017, -0.309017, -0.5, 0.0, -0.309017, 0.5, -0.809017, 0.0, 0.5, 0.809017, 0.309017, 0.0, 0.0, 0.0, 0.0, 1.0 ], [ 0.5, 0.809017, -0.309017, 0.0, 0.809017, -0.309017, 0.5, 0.0, 0.309017, -0.5, -0.809017, 0.0, 0.0, 0.0, 0.0, 1.0 ], [ 0.309017, -0.5, -0.809017, 0.0, 0.5, 0.809017, -0.309017, 0.0, 0.809017, -0.309017, 0.5, 0.0, 0.0, 0.0, 0.0, 1.0 ], [ 0.809017, -0.309017, 0.5, 0.0, 0.309017, -0.5, -0.809017, 0.0, 0.5, 0.809017, -0.309017, 0.0, 0.0, 0.0, 0.0, 1.0 ], [ 0.809017, 0.309017, -0.5, 0.0, 0.309017, 0.5, 0.809017, 0.0, 0.5, -0.809017, 0.309017, 0.0, 0.0, 0.0, 0.0, 1.0 ], [ 0.5, -0.809017, 0.309017, 0.0, 0.809017, 0.309017, -0.5, 0.0, 0.309017, 0.5, 0.809017, 0.0, 0.0, 0.0, 0.0, 1.0 ], [ 0.309017, 0.5, 0.809017, 0.0, 0.5, -0.809017, 0.309017, 0.0, 0.809017, 0.309017, -0.5, 0.0, 0.0, 0.0, 0.0, 1.0 ], [ 1.0, 0.0, 0.0, 0.0, 0.0, -1.0, 0.0, 0.0, 0.0, 0.0, -1.0, 0.0, 0.0, 0.0, 0.0, 1.0 ], [ 0.0, 0.0, 1.0, 0.0, -1.0, 0.0, 0.0, 0.0, 0.0, -1.0, 0.0, 0.0, 0.0, 0.0, 0.0, 1.0 ], [ 0.0, 1.0, 0.0, 0.0, 0.0, 0.0, -1.0, 0.0, -1.0, 0.0, 0.0, 0.0, 0.0, 0.0, 0.0, 1.0 ], [ 0.809017, 0.309017, 0.5, 0.0, -0.309017, -0.5, 0.809017, 0.0, 0.5, -0.809017, -0.309017, 0.0, 0.0, 0.0, 0.0, 1.0 ], [ -0.5, 0.809017, 0.309017, 0.0, -0.809017, -0.309017, -0.5, 0.0, -0.309017, -0.5, 0.809017, 0.0, 0.0, 0.0, 0.0, 1.0 ], [ 0.309017, 0.5, -0.809017, 0.0, 0.5, -0.809017, -0.309017, 0.0, -0.809017, -0.309017, -0.5, 0.0, 0.0, 0.0, 0.0, 1.0 ], [ 0.5, 0.809017, 0.309017, 0.0, -0.809017, 0.309017, 0.5, 0.0, 0.309017, -0.5, 0.809017, 0.0, 0.0, 0.0, 0.0, 1.0 ], [ -0.309017, 0.5, -0.809017, 0.0, -0.5, -0.809017, -0.309017, 0.0, -0.809017, 0.309017, 0.5, 0.0, 0.0, 0.0, 0.0, 1.0 ], [ 0.809017, -0.309017, -0.5, 0.0, 0.309017, -0.5, 0.809017, 0.0, -0.5, -0.809017, -0.309017, 0.0, 0.0, 0.0, 0.0, 1.0 ], [ 0.5, 0.809017, -0.309017, 0.0, -0.809017, 0.309017, -0.5, 0.0, -0.309017, 0.5, 0.809017, 0.0, 0.0, 0.0, 0.0, 1.0 ], [ 0.309017, -0.5, -0.809017, 0.0, -0.5, -0.809017, 0.309017, 0.0, -0.809017, 0.309017, -0.5, 0.0, 0.0, 0.0, 0.0, 1.0 ], [ 0.809017, -0.309017, 0.5, 0.0, -0.309017, 0.5, 0.809017, 0.0, -0.5, -0.809017, 0.309017, 0.0, 0.0, 0.0, 0.0, 1.0 ], [ 0.809017, 0.309017, -0.5, 0.0, -0.309017, -0.5, -0.809017, 0.0, -0.5, 0.809017, -0.309017, 0.0, 0.0, 0.0, 0.0, 1.0 ], [ 0.5, -0.809017, 0.309017, 0.0, -0.809017, -0.309017, 0.5, 0.0, -0.309017, -0.5, -0.809017, 0.0, 0.0, 0.0, 0.0, 1.0 ], [ 0.309017, 0.5, 0.809017, 0.0, -0.5, 0.809017, -0.309017, 0.0, -0.809017, -0.309017, 0.5, 0.0, 0.0, 0.0, 0.0, 1.0 ], [ -1.0, 0.0, 0.0, 0.0, 0.0, -1.0, 0.0, 0.0, 0.0, 0.0, 1.0, 0.0, 0.0, 0.0, 0.0, 1.0 ], [ 0.0, 0.0, -1.0, 0.0, -1.0, 0.0, 0.0, 0.0, 0.0, 1.0, 0.0, 0.0, 0.0, 0.0, 0.0, 1.0 ], [ 0.0, -1.0, 0.0, 0.0, 0.0, 0.0, -1.0, 0.0, 1.0, 0.0, 0.0, 0.0, 0.0, 0.0, 0.0, 1.0 ], [ -0.809017, -0.309017, -0.5, 0.0, -0.309017, -0.5, 0.809017, 0.0, -0.5, 0.809017, 0.309017, 0.0, 0.0, 0.0, 0.0, 1.0 ], [ 0.5, -0.809017, -0.309017, 0.0, -0.809017, -0.309017, -0.5, 0.0, 0.309017, 0.5, -0.809017, 0.0, 0.0, 0.0, 0.0, 1.0 ], [ -0.309017, -0.5, 0.809017, 0.0, 0.5, -0.809017, -0.309017, 0.0, 0.809017, 0.309017, 0.5, 0.0, 0.0, 0.0, 0.0, 1.0 ], [ -0.5, -0.809017, -0.309017, 0.0, -0.809017, 0.309017, 0.5, 0.0, -0.309017, 0.5, -0.809017, 0.0, 0.0, 0.0, 0.0, 1.0 ], [ 0.309017, -0.5, 0.809017, 0.0, -0.5, -0.809017, -0.309017, 0.0, 0.809017, -0.309017, -0.5, 0.0, 0.0, 0.0, 0.0, 1.0 ], [ -0.809017, 0.309017, 0.5, 0.0, 0.309017, -0.5, 0.809017, 0.0, 0.5, 0.809017, 0.309017, 0.0, 0.0, 0.0, 0.0, 1.0 ], [ -0.5, -0.809017, 0.309017, 0.0, -0.809017, 0.309017, -0.5, 0.0, 0.309017, -0.5, -0.809017, 0.0, 0.0, 0.0, 0.0, 1.0 ], [ -0.309017, 0.5, 0.809017, 0.0, -0.5, -0.809017, 0.309017, 0.0, 0.809017, -0.309017, 0.5, 0.0, 0.0, 0.0, 0.0, 1.0 ], [ -0.809017, 0.309017, -0.5, 0.0, -0.309017, 0.5, 0.809017, 0.0, 0.5, 0.809017, -0.309017, 0.0, 0.0, 0.0, 0.0, 1.0 ], [ -0.809017, -0.309017, 0.5, 0.0, -0.309017, -0.5, -0.809017, 0.0, 0.5, -0.809017, 0.309017, 0.0, 0.0, 0.0, 0.0, 1.0 ], [ -0.5, 0.809017, -0.309017, 0.0, -0.809017, -0.309017, 0.5, 0.0, 0.309017, 0.5, 0.809017, 0.0, 0.0, 0.0, 0.0, 1.0 ], [ -0.309017, -0.5, -0.809017, 0.0, -0.5, 0.809017, -0.309017, 0.0, 0.809017, 0.309017, -0.5, 0.0, 0.0, 0.0, 0.0, 1.0 ], [ -1.0, 0.0, 0.0, 0.0, 0.0, 1.0, 0.0, 0.0, 0.0, 0.0, -1.0, 0.0, 0.0, 0.0, 0.0, 1.0 ], [ 0.0, 0.0, -1.0, 0.0, 1.0, 0.0, 0.0, 0.0, 0.0, -1.0, 0.0, 0.0, 0.0, 0.0, 0.0, 1.0 ], [ 0.0, -1.0, 0.0, 0.0, 0.0, 0.0, 1.0, 0.0, -1.0, 0.0, 0.0, 0.0, 0.0, 0.0, 0.0, 1.0 ], [ -0.809017, -0.309017, -0.5, 0.0, 0.309017, 0.5, -0.809017, 0.0, 0.5, -0.809017, -0.309017, 0.0, 0.0, 0.0, 0.0, 1.0 ], [ 0.5, -0.809017, -0.309017, 0.0, 0.809017, 0.309017, 0.5, 0.0, -0.309017, -0.5, 0.809017, 0.0, 0.0, 0.0, 0.0, 1.0 ], [ -0.309017, -0.5, 0.809017, 0.0, -0.5, 0.809017, 0.309017, 0.0, -0.809017, -0.309017, -0.5, 0.0, 0.0, 0.0, 0.0, 1.0 ], [ -0.5, -0.809017, -0.309017, 0.0, 0.809017, -0.309017, -0.5, 0.0, 0.309017, -0.5, 0.809017, 0.0, 0.0, 0.0, 0.0, 1.0 ], [ 0.309017, -0.5, 0.809017, 0.0, 0.5, 0.809017, 0.309017, 0.0, -0.809017, 0.309017, 0.5, 0.0, 0.0, 0.0, 0.0, 1.0 ], [ -0.809017, 0.309017, 0.5, 0.0, -0.309017, 0.5, -0.809017, 0.0, -0.5, -0.809017, -0.309017, 0.0, 0.0, 0.0, 0.0, 1.0 ], [ -0.5, -0.809017, 0.309017, 0.0, 0.809017, -0.309017, 0.5, 0.0, -0.309017, 0.5, 0.809017, 0.0, 0.0, 0.0, 0.0, 1.0 ], [ -0.309017, 0.5, 0.809017, 0.0, 0.5, 0.809017, -0.309017, 0.0, -0.809017, 0.309017, -0.5, 0.0, 0.0, 0.0, 0.0, 1.0 ], [ -0.809017, 0.309017, -0.5, 0.0, 0.309017, -0.5, -0.809017, 0.0, -0.5, -0.809017, 0.309017, 0.0, 0.0, 0.0, 0.0, 1.0 ], [ -0.809017, -0.309017, 0.5, 0.0, 0.309017, 0.5, 0.809017, 0.0, -0.5, 0.809017, -0.309017, 0.0, 0.0, 0.0, 0.0, 1.0 ], [ -0.5, 0.809017, -0.309017, 0.0, 0.809017, 0.309017, -0.5, 0.0, -0.309017, -0.5, -0.809017, 0.0, 0.0, 0.0, 0.0, 1.0 ], [ -0.309017, -0.5, -0.809017, 0.0, 0.5, -0.809017, 0.309017, 0.0, -0.809017, -0.309017, 0.5, 0.0, 0.0, 0.0, 0.0, 1.0 ] ],
  "lights" : {
    "directionalLights" : [ {
      "direction" : {
        "x" : 1.0,
        "y" : -1.0,
        "z" : -1.0
      },
      "color" : "#EBEBE4"
    }, {
      "direction" : {
        "x" : -1.0,
        "y" : 0.0,
        "z" : 0.0
      },
      "color" : "#E4E4EB"
    }, {
      "direction" : {
        "x" : 0.0,
        "y" : 0.0,
        "z" : -1.0
      },
      "color" : "#1E1E1E"
    } ],
    "backgroundColor" : "#AFC8DC",
    "ambientColor" : "#292929"
  },
  "camera" : {
    "position" : {
      "x" : 98.44817,
      "y" : -177.24524,
      "z" : -314.5814
    },
    "width" : 138.43114,
    "nearClipDistance" : 0.7690625,
    "perspective" : false,
    "viewDistance" : 307.62436,
    "farClipDistance" : 615.2475,
    "lookAtPoint" : {
      "x" : 4.236068,
      "y" : -23.18034,
      "z" : -65.54102
    },
    "fieldOfView" : 0.44262943,
    "upDirection" : {
      "x" : 0.6190444,
      "y" : -0.54127973,
      "z" : 0.5690374
    },
    "stereo" : false,
    "lookDirection" : {
      "x" : -0.30625698,
      "y" : 0.50082153,
      "z" : 0.80955994
    }
  },
  "embedding" : [ 1.0, 0.0, 0.0, 0.0, 0.0, 1.0, 0.0, 0.0, 0.0, 0.0, 1.0, 0.0, 0.0, 0.0, 0.0, 1.0 ],
  "shapes" : [ {
    "id" : "f6c1fe38-b77f-4586-aa45-84c287a89514",
    "vertices" : [ {
      "x" : 0.809017,
      "y" : 0.0,
      "z" : -0.690983
    }, {
      "x" : 1.0,
      "y" : 0.309017,
      "z" : -0.19098301
    }, {
      "x" : 2.618034,
      "y" : 0.309017,
      "z" : -0.809017
    }, {
      "x" : 2.427051,
      "y" : 0.0,
      "z" : -1.309017
    }, {
      "x" : 5.854102,
      "y" : 0.309017,
      "z" : -2.427051
    }, {
      "x" : 1.0,
      "y" : -0.309017,
      "z" : -0.19098301
    }, {
      "x" : 2.618034,
      "y" : -0.309017,
      "z" : -0.809017
    }, {
      "x" : 4.236068,
      "y" : 0.309017,
      "z" : -1.809017
    }, {
      "x" : 4.427051,
      "y" : 0.0,
      "z" : -1.309017
    }, {
      "x" : 6.854102,
      "y" : 0.0,
      "z" : -2.618034
    }, {
      "x" : 4.236068,
      "y" : -0.309017,
      "z" : -1.809017
    }, {
      "x" : 6.045085,
      "y" : 0.0,
      "z" : -1.927051
    }, {
      "x" : 5.854102,
      "y" : -0.309017,
      "z" : -2.427051
    } ],
    "faces" : [ {
      "vertices" : [ 2, 6, 8 ]
    }, {
      "vertices" : [ 4, 12, 10 ]
    }, {
      "vertices" : [ 4, 10, 7 ]
    }, {
      "vertices" : [ 2, 8, 7 ]
    }, {
      "vertices" : [ 3, 10, 6 ]
    }, {
      "vertices" : [ 3, 7, 10 ]
    }, {
      "vertices" : [ 0, 1, 2 ]
    }, {
      "vertices" : [ 0, 2, 3 ]
    }, {
      "vertices" : [ 6, 10, 8 ]
    }, {
      "vertices" : [ 8, 10, 12 ]
    }, {
      "vertices" : [ 8, 12, 11 ]
    }, {
      "vertices" : [ 2, 7, 3 ]
    }, {
      "vertices" : [ 0, 3, 6 ]
    }, {
      "vertices" : [ 0, 6, 5 ]
    }, {
      "vertices" : [ 1, 5, 6 ]
    }, {
      "vertices" : [ 1, 6, 2 ]
    }, {
      "vertices" : [ 4, 7, 8 ]
    }, {
      "vertices" : [ 4, 8, 11 ]
    } ]
  }, {
    "id" : "6b38734c-bdaa-4d6b-9bf8-e2e1e8957668",
    "vertices" : [ {
      "x" : 0.309017,
      "y" : -0.809017,
      "z" : 0.618034
    }, {
      "x" : 0.809017,
      "y" : -0.618034,
      "z" : 0.309017
    }, {
      "x" : 0.618034,
      "y" : -0.309017,
      "z" : 0.809017
    }, {
      "x" : 1.0,
      "y" : 0.309017,
      "z" : 0.19098301
    }, {
      "x" : 0.809017,
      "y" : 0.618034,
      "z" : 0.309017
    }, {
      "x" : 0.618034,
      "y" : 0.309017,
      "z" : 0.809017
    }, {
      "x" : 0.809017,
      "y" : 0.0,
      "z" : 0.690983
    }, {
      "x" : 0.19098301,
      "y" : -1.0,
      "z" : 0.309017
    }, {
      "x" : -0.19098301,
      "y" : -1.0,
      "z" : 0.309017
    }, {
      "x" : -0.19098301,
      "y" : -1.0,
      "z" : -0.309017
    }, {
      "x" : 0.19098301,
      "y" : -1.0,
      "z" : -0.309017
    }, {
      "x" : 1.0,
      "y" : -0.309017,
      "z" : -0.19098301
    }, {
      "x" : 0.809017,
      "y" : -0.618034,
      "z" : -0.309017
    }, {
      "x" : 0.618034,
      "y" : -0.309017,
      "z" : -0.809017
    }, {
      "x" : 0.809017,
      "y" : 0.0,
      "z" : -0.690983
    }, {
      "x" : 0.0,
      "y" : 0.690983,
      "z" : -0.809017
    }, {
      "x" : 0.309017,
      "y" : 0.809017,
      "z" : -0.618034
    }, {
      "x" : 0.618034,
      "y" : 0.309017,
      "z" : -0.809017
    }, {
      "x" : 0.309017,
      "y" : 0.19098301,
      "z" : -1.0
    }, {
      "x" : 1.0,
      "y" : 0.309017,
      "z" : -0.19098301
    }, {
      "x" : -0.309017,
      "y" : -0.809017,
      "z" : 0.618034
    }, {
      "x" : 0.0,
      "y" : -0.690983,
      "z" : 0.809017
    }, {
      "x" : 0.809017,
      "y" : 0.618034,
      "z" : -0.309017
    }, {
      "x" : 0.690983,
      "y" : 0.809017,
      "z" : 0.0
    }, {
      "x" : -0.690983,
      "y" : 0.809017,
      "z" : 0.0
    }, {
      "x" : -0.809017,
      "y" : 0.618034,
      "z" : 0.309017
    }, {
      "x" : -0.309017,
      "y" : 0.809017,
      "z" : 0.618034
    }, {
      "x" : -0.19098301,
      "y" : 1.0,
      "z" : 0.309017
    }, {
      "x" : 0.309017,
      "y" : -0.19098301,
      "z" : -1.0
    }, {
      "x" : 0.19098301,
      "y" : 1.0,
      "z" : 0.309017
    }, {
      "x" : 0.309017,
      "y" : 0.809017,
      "z" : 0.618034
    }, {
      "x" : -0.809017,
      "y" : -0.618034,
      "z" : 0.309017
    }, {
      "x" : -0.690983,
      "y" : -0.809017,
      "z" : 0.0
    }, {
      "x" : 0.0,
      "y" : 0.690983,
      "z" : 0.809017
    }, {
      "x" : 0.309017,
      "y" : -0.809017,
      "z" : -0.618034
    }, {
      "x" : 0.0,
      "y" : -0.690983,
      "z" : -0.809017
    }, {
      "x" : -1.0,
      "y" : 0.309017,
      "z" : 0.19098301
    }, {
      "x" : -0.809017,
      "y" : 0.0,
      "z" : 0.690983
    }, {
      "x" : -0.618034,
      "y" : 0.309017,
      "z" : 0.809017
    }, {
      "x" : 1.0,
      "y" : -0.309017,
      "z" : 0.19098301
    }, {
      "x" : -0.309017,
      "y" : -0.809017,
      "z" : -0.618034
    }, {
      "x" : -1.0,
      "y" : 0.309017,
      "z" : -0.19098301
    }, {
      "x" : -1.0,
      "y" : -0.309017,
      "z" : -0.19098301
    }, {
      "x" : -1.0,
      "y" : -0.309017,
      "z" : 0.19098301
    }, {
      "x" : 0.19098301,
      "y" : 1.0,
      "z" : -0.309017
    }, {
      "x" : -0.809017,
      "y" : 0.618034,
      "z" : -0.309017
    }, {
      "x" : -0.19098301,
      "y" : 1.0,
      "z" : -0.309017
    }, {
      "x" : -0.309017,
      "y" : 0.809017,
      "z" : -0.618034
    }, {
      "x" : -0.618034,
      "y" : -0.309017,
      "z" : 0.809017
    }, {
      "x" : 0.309017,
      "y" : 0.19098301,
      "z" : 1.0
    }, {
      "x" : -0.309017,
      "y" : 0.19098301,
      "z" : -1.0
    }, {
      "x" : -0.309017,
      "y" : 0.19098301,
      "z" : 1.0
    }, {
      "x" : -0.309017,
      "y" : -0.19098301,
      "z" : 1.0
    }, {
      "x" : 0.309017,
      "y" : -0.19098301,
      "z" : 1.0
    }, {
      "x" : 0.690983,
      "y" : -0.809017,
      "z" : 0.0
    }, {
      "x" : -0.809017,
      "y" : 0.0,
      "z" : -0.690983
    }, {
      "x" : -0.618034,
      "y" : -0.309017,
      "z" : -0.809017
    }, {
      "x" : -0.309017,
      "y" : -0.19098301,
      "z" : -1.0
    }, {
      "x" : -0.618034,
      "y" : 0.309017,
      "z" : -0.809017
    }, {
      "x" : -0.809017,
      "y" : -0.618034,
      "z" : -0.309017
    } ],
    "faces" : [ {
      "vertices" : [ 9, 40, 35 ]
    }, {
      "vertices" : [ 9, 35, 34 ]
    }, {
      "vertices" : [ 9, 34, 10 ]
    }, {
      "vertices" : [ 0, 1, 2 ]
    }, {
      "vertices" : [ 33, 51, 49 ]
    }, {
      "vertices" : [ 25, 36, 37 ]
    }, {
      "vertices" : [ 25, 37, 38 ]
    }, {
      "vertices" : [ 41, 55, 42 ]
    }, {
      "vertices" : [ 9, 32, 59 ]
    }, {
      "vertices" : [ 9, 59, 40 ]
    }, {
      "vertices" : [ 20, 21, 52 ]
    }, {
      "vertices" : [ 20, 52, 48 ]
    }, {
      "vertices" : [ 26, 33, 30 ]
    }, {
      "vertices" : [ 26, 30, 29 ]
    }, {
      "vertices" : [ 26, 29, 27 ]
    }, {
      "vertices" : [ 3, 4, 5 ]
    }, {
      "vertices" : [ 3, 5, 6 ]
    }, {
      "vertices" : [ 27, 29, 44 ]
    }, {
      "vertices" : [ 27, 44, 46 ]
    }, {
      "vertices" : [ 50, 57, 56 ]
    }, {
      "vertices" : [ 50, 56, 55 ]
    }, {
      "vertices" : [ 50, 55, 58 ]
    }, {
      "vertices" : [ 26, 38, 51 ]
    }, {
      "vertices" : [ 26, 51, 33 ]
    }, {
      "vertices" : [ 45, 47, 58 ]
    }, {
      "vertices" : [ 18, 28, 57 ]
    }, {
      "vertices" : [ 18, 57, 50 ]
    }, {
      "vertices" : [ 40, 59, 56 ]
    }, {
      "vertices" : [ 31, 48, 37 ]
    }, {
      "vertices" : [ 31, 37, 43 ]
    }, {
      "vertices" : [ 7, 8, 9 ]
    }, {
      "vertices" : [ 7, 9, 10 ]
    }, {
      "vertices" : [ 36, 41, 42 ]
    }, {
      "vertices" : [ 36, 42, 43 ]
    }, {
      "vertices" : [ 24, 46, 47 ]
    }, {
      "vertices" : [ 24, 47, 45 ]
    }, {
      "vertices" : [ 4, 30, 5 ]
    }, {
      "vertices" : [ 15, 47, 46 ]
    }, {
      "vertices" : [ 15, 46, 44 ]
    }, {
      "vertices" : [ 15, 44, 16 ]
    }, {
      "vertices" : [ 15, 50, 58 ]
    }, {
      "vertices" : [ 15, 58, 47 ]
    }, {
      "vertices" : [ 24, 45, 41 ]
    }, {
      "vertices" : [ 24, 41, 36 ]
    }, {
      "vertices" : [ 24, 36, 25 ]
    }, {
      "vertices" : [ 11, 14, 19 ]
    }, {
      "vertices" : [ 3, 6, 39 ]
    }, {
      "vertices" : [ 1, 39, 6 ]
    }, {
      "vertices" : [ 1, 6, 2 ]
    }, {
      "vertices" : [ 8, 32, 9 ]
    }, {
      "vertices" : [ 11, 12, 13 ]
    }, {
      "vertices" : [ 11, 13, 14 ]
    }, {
      "vertices" : [ 16, 22, 17 ]
    }, {
      "vertices" : [ 0, 21, 20 ]
    }, {
      "vertices" : [ 0, 20, 8 ]
    }, {
      "vertices" : [ 0, 8, 7 ]
    }, {
      "vertices" : [ 12, 34, 13 ]
    }, {
      "vertices" : [ 35, 40, 56 ]
    }, {
      "vertices" : [ 35, 56, 57 ]
    }, {
      "vertices" : [ 0, 7, 54 ]
    }, {
      "vertices" : [ 0, 54, 1 ]
    }, {
      "vertices" : [ 15, 16, 17 ]
    }, {
      "vertices" : [ 15, 17, 18 ]
    }, {
      "vertices" : [ 3, 19, 22 ]
    }, {
      "vertices" : [ 3, 22, 23 ]
    }, {
      "vertices" : [ 3, 23, 4 ]
    }, {
      "vertices" : [ 7, 10, 54 ]
    }, {
      "vertices" : [ 41, 45, 58 ]
    }, {
      "vertices" : [ 41, 58, 55 ]
    }, {
      "vertices" : [ 3, 39, 11 ]
    }, {
      "vertices" : [ 3, 11, 19 ]
    }, {
      "vertices" : [ 14, 17, 22 ]
    }, {
      "vertices" : [ 14, 22, 19 ]
    }, {
      "vertices" : [ 0, 2, 53 ]
    }, {
      "vertices" : [ 0, 53, 21 ]
    }, {
      "vertices" : [ 49, 51, 52 ]
    }, {
      "vertices" : [ 49, 52, 53 ]
    }, {
      "vertices" : [ 31, 43, 42 ]
    }, {
      "vertices" : [ 31, 42, 59 ]
    }, {
      "vertices" : [ 31, 59, 32 ]
    }, {
      "vertices" : [ 15, 18, 50 ]
    }, {
      "vertices" : [ 42, 55, 56 ]
    }, {
      "vertices" : [ 42, 56, 59 ]
    }, {
      "vertices" : [ 4, 23, 29 ]
    }, {
      "vertices" : [ 4, 29, 30 ]
    }, {
      "vertices" : [ 25, 38, 26 ]
    }, {
      "vertices" : [ 13, 28, 18 ]
    }, {
      "vertices" : [ 13, 18, 17 ]
    }, {
      "vertices" : [ 13, 17, 14 ]
    }, {
      "vertices" : [ 8, 20, 31 ]
    }, {
      "vertices" : [ 8, 31, 32 ]
    }, {
      "vertices" : [ 23, 44, 29 ]
    }, {
      "vertices" : [ 24, 27, 46 ]
    }, {
      "vertices" : [ 37, 48, 52 ]
    }, {
      "vertices" : [ 37, 52, 51 ]
    }, {
      "vertices" : [ 37, 51, 38 ]
    }, {
      "vertices" : [ 20, 48, 31 ]
    }, {
      "vertices" : [ 24, 25, 26 ]
    }, {
      "vertices" : [ 24, 26, 27 ]
    }, {
      "vertices" : [ 16, 44, 23 ]
    }, {
      "vertices" : [ 16, 23, 22 ]
    }, {
      "vertices" : [ 13, 34, 35 ]
    }, {
      "vertices" : [ 13, 35, 28 ]
    }, {
      "vertices" : [ 10, 34, 12 ]
    }, {
      "vertices" : [ 10, 12, 54 ]
    }, {
      "vertices" : [ 2, 6, 5 ]
    }, {
      "vertices" : [ 2, 5, 49 ]
    }, {
      "vertices" : [ 2, 49, 53 ]
    }, {
      "vertices" : [ 36, 43, 37 ]
    }, {
      "vertices" : [ 5, 30, 33 ]
    }, {
      "vertices" : [ 5, 33, 49 ]
    }, {
      "vertices" : [ 1, 54, 12 ]
    }, {
      "vertices" : [ 1, 12, 11 ]
    }, {
      "vertices" : [ 1, 11, 39 ]
    }, {
      "vertices" : [ 28, 35, 57 ]
    }, {
      "vertices" : [ 21, 53, 52 ]
    } ]
  }, {
    "id" : "7c847d3b-8139-496b-b065-ae487a9f1058",
    "vertices" : [ {
      "x" : 0.809017,
      "y" : 0.0,
      "z" : -0.690983
    }, {
      "x" : 1.0,
      "y" : 0.309017,
      "z" : -0.19098301
    }, {
      "x" : 8.163119,
      "y" : 0.309017,
      "z" : -2.927051
    }, {
      "x" : 7.972136,
      "y" : 0.0,
      "z" : -3.427051
    }, {
      "x" : 16.944271,
      "y" : 0.309017,
      "z" : -6.663119
    }, {
      "x" : 1.0,
      "y" : -0.309017,
      "z" : -0.19098301
    }, {
      "x" : 8.163119,
      "y" : -0.309017,
      "z" : -2.927051
    }, {
      "x" : 9.781153,
      "y" : 0.309017,
      "z" : -3.927051
    }, {
      "x" : 9.972136,
      "y" : 0.0,
      "z" : -3.427051
    }, {
      "x" : 17.944271,
      "y" : 0.0,
      "z" : -6.854102
    }, {
      "x" : 9.781153,
      "y" : -0.309017,
      "z" : -3.927051
    }, {
      "x" : 17.135256,
      "y" : 0.0,
      "z" : -6.163119
    }, {
      "x" : 16.944271,
      "y" : -0.309017,
      "z" : -6.663119
    } ],
    "faces" : [ {
      "vertices" : [ 2, 6, 8 ]
    }, {
      "vertices" : [ 4, 12, 10 ]
    }, {
      "vertices" : [ 4, 10, 7 ]
    }, {
      "vertices" : [ 2, 8, 7 ]
    }, {
      "vertices" : [ 3, 10, 6 ]
    }, {
      "vertices" : [ 3, 7, 10 ]
    }, {
      "vertices" : [ 0, 1, 2 ]
    }, {
      "vertices" : [ 0, 2, 3 ]
    }, {
      "vertices" : [ 6, 10, 8 ]
    }, {
      "vertices" : [ 8, 10, 12 ]
    }, {
      "vertices" : [ 8, 12, 11 ]
    }, {
      "vertices" : [ 2, 7, 3 ]
    }, {
      "vertices" : [ 0, 3, 6 ]
    }, {
      "vertices" : [ 0, 6, 5 ]
    }, {
      "vertices" : [ 1, 5, 6 ]
    }, {
      "vertices" : [ 1, 6, 2 ]
    }, {
      "vertices" : [ 4, 7, 8 ]
    }, {
      "vertices" : [ 4, 8, 11 ]
    } ]
  }, {
    "id" : "c621324b-366e-4b87-aaf4-a1ef98767c86",
    "vertices" : [ {
      "x" : 0.809017,
      "y" : 0.0,
      "z" : -0.690983
    }, {
      "x" : 1.0,
      "y" : 0.309017,
      "z" : -0.19098301
    }, {
      "x" : 4.736068,
      "y" : 0.309017,
      "z" : -1.618034
    }, {
      "x" : 4.545085,
      "y" : 0.0,
      "z" : -2.118034
    }, {
      "x" : 10.09017,
      "y" : 0.309017,
      "z" : -4.045085
    }, {
      "x" : 1.0,
      "y" : -0.309017,
      "z" : -0.19098301
    }, {
      "x" : 4.736068,
      "y" : -0.309017,
      "z" : -1.618034
    }, {
      "x" : 6.354102,
      "y" : 0.309017,
      "z" : -2.618034
    }, {
      "x" : 6.545085,
      "y" : 0.0,
      "z" : -2.118034
    }, {
      "x" : 11.09017,
      "y" : 0.0,
      "z" : -4.236068
    }, {
      "x" : 6.354102,
      "y" : -0.309017,
      "z" : -2.618034
    }, {
      "x" : 10.281153,
      "y" : 0.0,
      "z" : -3.545085
    }, {
      "x" : 10.09017,
      "y" : -0.309017,
      "z" : -4.045085
    } ],
    "faces" : [ {
      "vertices" : [ 2, 6, 8 ]
    }, {
      "vertices" : [ 4, 12, 10 ]
    }, {
      "vertices" : [ 4, 10, 7 ]
    }, {
      "vertices" : [ 2, 8, 7 ]
    }, {
      "vertices" : [ 3, 10, 6 ]
    }, {
      "vertices" : [ 3, 7, 10 ]
    }, {
      "vertices" : [ 0, 1, 2 ]
    }, {
      "vertices" : [ 0, 2, 3 ]
    }, {
      "vertices" : [ 6, 10, 8 ]
    }, {
      "vertices" : [ 8, 10, 12 ]
    }, {
      "vertices" : [ 8, 12, 11 ]
    }, {
      "vertices" : [ 2, 7, 3 ]
    }, {
      "vertices" : [ 0, 3, 6 ]
    }, {
      "vertices" : [ 0, 6, 5 ]
    }, {
      "vertices" : [ 1, 5, 6 ]
    }, {
      "vertices" : [ 1, 6, 2 ]
    }, {
      "vertices" : [ 4, 7, 8 ]
    }, {
      "vertices" : [ 4, 8, 11 ]
    } ]
  }, {
    "id" : "3cd9a937-cc9e-4e47-b9c5-466beef96765",
    "vertices" : [ {
      "x" : 0.809017,
      "y" : 0.0,
      "z" : -0.690983
    }, {
      "x" : 1.0,
      "y" : 0.309017,
      "z" : -0.19098301
    }, {
      "x" : 1.309017,
      "y" : 0.309017,
      "z" : -0.309017
    }, {
      "x" : 1.118034,
      "y" : 0.0,
      "z" : -0.809017
    }, {
      "x" : 3.236068,
      "y" : 0.309017,
      "z" : -1.427051
    }, {
      "x" : 1.0,
      "y" : -0.309017,
      "z" : -0.19098301
    }, {
      "x" : 1.309017,
      "y" : -0.309017,
      "z" : -0.309017
    }, {
      "x" : 2.927051,
      "y" : 0.309017,
      "z" : -1.309017
    }, {
      "x" : 3.118034,
      "y" : 0.0,
      "z" : -0.809017
    }, {
      "x" : 4.236068,
      "y" : 0.0,
      "z" : -1.618034
    }, {
      "x" : 2.927051,
      "y" : -0.309017,
      "z" : -1.309017
    }, {
      "x" : 3.427051,
      "y" : 0.0,
      "z" : -0.927051
    }, {
      "x" : 3.236068,
      "y" : -0.309017,
      "z" : -1.427051
    } ],
    "faces" : [ {
      "vertices" : [ 2, 6, 8 ]
    }, {
      "vertices" : [ 4, 12, 10 ]
    }, {
      "vertices" : [ 4, 10, 7 ]
    }, {
      "vertices" : [ 2, 8, 7 ]
    }, {
      "vertices" : [ 3, 10, 6 ]
    }, {
      "vertices" : [ 3, 7, 10 ]
    }, {
      "vertices" : [ 0, 1, 2 ]
    }, {
      "vertices" : [ 0, 2, 3 ]
    }, {
      "vertices" : [ 6, 10, 8 ]
    }, {
      "vertices" : [ 8, 10, 12 ]
    }, {
      "vertices" : [ 8, 12, 11 ]
    }, {
      "vertices" : [ 2, 7, 3 ]
    }, {
      "vertices" : [ 0, 3, 6 ]
    }, {
      "vertices" : [ 0, 6, 5 ]
    }, {
      "vertices" : [ 1, 5, 6 ]
    }, {
      "vertices" : [ 1, 6, 2 ]
    }, {
      "vertices" : [ 4, 7, 8 ]
    }, {
      "vertices" : [ 4, 8, 11 ]
    } ]
  } ],
  "instances" : [ {
    "shape" : "f6c1fe38-b77f-4586-aa45-84c287a89514",
    "color" : "#000000",
    "position" : {
      "x" : -59.30495,
      "y" : -12.708204,
      "z" : -26.034441
    },
    "orientation" : 3
  }, {
    "shape" : "6b38734c-bdaa-4d6b-9bf8-e2e1e8957668",
    "color" : "#99FF00",
    "position" : {
      "x" : 50.832817,
      "y" : -65.92299,
      "z" : -73.39512
    }
  }, {
    "shape" : "6b38734c-bdaa-4d6b-9bf8-e2e1e8957668",
    "color" : "#FF6666",
    "position" : {
      "x" : -21.18034,
      "y" : 1.0,
      "z" : 45.36068
    }
  }, {
    "shape" : "6b38734c-bdaa-4d6b-9bf8-e2e1e8957668",
    "color" : "#FF6666",
    "position" : {
      "x" : -33.888542,
      "y" : -26.416409,
      "z" : -31.27051
    }
  }, {
    "shape" : "7c847d3b-8139-496b-b065-ae487a9f1058",
    "color" : "#000000",
    "position" : {
      "x" : 12.708204,
      "y" : -60.686916,
      "z" : -61.30495
    },
    "orientation" : 7
  }, {
    "shape" : "f6c1fe38-b77f-4586-aa45-84c287a89514",
    "color" : "#000000",
    "position" : {
      "x" : -50.832817,
      "y" : 9.472136,
      "z" : -9.09017
    },
    "orientation" : 3
  }, {
    "shape" : "6b38734c-bdaa-4d6b-9bf8-e2e1e8957668",
    "color" : "#FF6666",
    "position" : {
      "x" : -4.236068,
      "y" : -44.36068,
      "z" : -18.562305
    }
  }, {
    "shape" : "c621324b-366e-4b87-aaf4-a1ef98767c86",
    "color" : "#000000",
    "position" : {
      "x" : 8.472136,
      "y" : -13.708204,
      "z" : -22.18034
    },
    "orientation" : 1
  }, {
    "shape" : "6b38734c-bdaa-4d6b-9bf8-e2e1e8957668",
    "color" : "#99FF00",
    "position" : {
      "x" : 0.0,
      "y" : -89.72136,
      "z" : -97.81153
    }
  }, {
    "shape" : "6b38734c-bdaa-4d6b-9bf8-e2e1e8957668",
    "color" : "#99FF00",
    "position" : {
      "x" : -29.652475,
      "y" : 52.214783,
      "z" : 66.54102
    }
  }, {
    "shape" : "f6c1fe38-b77f-4586-aa45-84c287a89514",
    "color" : "#000000",
    "position" : {
      "x" : -8.472136,
      "y" : -59.068882,
      "z" : -119.99187
    },
    "orientation" : 3
  }, {
    "shape" : "6b38734c-bdaa-4d6b-9bf8-e2e1e8957668",
    "color" : "#99FF00",
    "position" : {
      "x" : -4.236068,
      "y" : -52.214783,
      "z" : -100.429565
    }
  }, {
    "shape" : "6b38734c-bdaa-4d6b-9bf8-e2e1e8957668",
    "color" : "#FF6666",
    "position" : {
      "x" : 0.0,
      "y" : -46.36068,
      "z" : -144.79024
    }
  }, {
    "shape" : "6b38734c-bdaa-4d6b-9bf8-e2e1e8957668",
    "color" : "#99FF00",
    "position" : {
      "x" : -8.472136,
      "y" : -50.59675,
      "z" : -142.17221
    }
  }, {
    "shape" : "6b38734c-bdaa-4d6b-9bf8-e2e1e8957668",
    "color" : "#FF6666",
    "position" : {
      "x" : -50.832817,
      "y" : 17.944271,
      "z" : -31.27051
    }
  }, {
    "shape" : "f6c1fe38-b77f-4586-aa45-84c287a89514",
    "color" : "#000000",
    "position" : {
      "x" : 33.888542,
      "y" : -82.24922,
      "z" : -150.0263
    },
    "orientation" : 3
  }, {
    "shape" : "c621324b-366e-4b87-aaf4-a1ef98767c86",
    "color" : "#000000",
    "position" : {
      "x" : -8.472136,
      "y" : -52.214783,
      "z" : -102.0476
    },
    "orientation" : 1
  }, {
    "shape" : "c621324b-366e-4b87-aaf4-a1ef98767c86",
    "color" : "#000000",
    "position" : {
      "x" : 16.944271,
      "y" : 16.944271,
      "z" : -27.416409
    },
    "orientation" : 1
  }, {
    "shape" : "6b38734c-bdaa-4d6b-9bf8-e2e1e8957668",
    "color" : "#FF6666",
    "position" : {
      "x" : -33.888542,
      "y" : 60.686916,
      "z" : 42.742645
    }
  }, {
    "shape" : "f6c1fe38-b77f-4586-aa45-84c287a89514",
    "color" : "#000000",
    "position" : {
      "x" : -50.832817,
      "y" : 1.0,
      "z" : 13.09017
    },
    "orientation" : 3
  }, {
    "shape" : "7c847d3b-8139-496b-b065-ae487a9f1058",
    "color" : "#000000",
    "position" : {
      "x" : -8.472136,
      "y" : 11.09017,
      "z" : -1.618034
    },
    "orientation" : 22
  }, {
    "shape" : "6b38734c-bdaa-4d6b-9bf8-e2e1e8957668",
    "color" : "#FF6666",
    "position" : {
      "x" : -33.888542,
      "y" : 8.472136,
      "z" : -56.068882
    }
  }, {
    "shape" : "c621324b-366e-4b87-aaf4-a1ef98767c86",
    "color" : "#000000",
    "position" : {
      "x" : 33.888542,
      "y" : 5.854102,
      "z" : -12.09017
    },
    "orientation" : 1
  }, {
    "shape" : "f6c1fe38-b77f-4586-aa45-84c287a89514",
    "color" : "#000000",
    "position" : {
      "x" : 42.36068,
      "y" : -51.59675,
      "z" : -155.26237
    },
    "orientation" : 3
  }, {
    "shape" : "f6c1fe38-b77f-4586-aa45-84c287a89514",
    "color" : "#000000",
    "position" : {
      "x" : -33.888542,
      "y" : 9.472136,
      "z" : 7.854102
    },
    "orientation" : 3
  }, {
    "shape" : "6b38734c-bdaa-4d6b-9bf8-e2e1e8957668",
    "color" : "#FF6666",
    "position" : {
      "x" : -21.18034,
      "y" : -16.944271,
      "z" : 25.798374
    }
  }, {
    "shape" : "6b38734c-bdaa-4d6b-9bf8-e2e1e8957668",
    "color" : "#FF6666",
    "position" : {
      "x" : -16.944271,
      "y" : 16.326239,
      "z" : 42.742645
    }
  }, {
    "shape" : "6b38734c-bdaa-4d6b-9bf8-e2e1e8957668",
    "color" : "#99FF00",
    "position" : {
      "x" : -42.36068,
      "y" : 2.618034,
      "z" : -13.326238
    }
  }, {
    "shape" : "6b38734c-bdaa-4d6b-9bf8-e2e1e8957668",
    "color" : "#99FF00",
    "position" : {
      "x" : 25.416409,
      "y" : -88.103325,
      "z" : -107.28367
    }
  }, {
    "shape" : "3cd9a937-cc9e-4e47-b9c5-466beef96765",
    "color" : "#0000FF",
    "position" : {
      "x" : 12.708204,
      "y" : -10.472136,
      "z" : -90.33939
    },
    "orientation" : 8
  }, {
    "shape" : "3cd9a937-cc9e-4e47-b9c5-466beef96765",
    "color" : "#339900",
    "position" : {
      "x" : 4.236068,
      "y" : 30.652475,
      "z" : -6.854102
    },
    "orientation" : 8
  }, {
    "shape" : "6b38734c-bdaa-4d6b-9bf8-e2e1e8957668",
    "color" : "#99FF00",
    "position" : {
      "x" : 21.18034,
      "y" : -13.708204,
      "z" : -6.854102
    }
  }, {
    "shape" : "c621324b-366e-4b87-aaf4-a1ef98767c86",
    "color" : "#000000",
    "position" : {
      "x" : 59.30495,
      "y" : -51.59675,
      "z" : -138.3181
    },
    "orientation" : 1
  }, {
    "shape" : "3cd9a937-cc9e-4e47-b9c5-466beef96765",
    "color" : "#FF0000",
    "position" : {
      "x" : -38.12461,
      "y" : 53.832817,
      "z" : 23.18034
    },
    "orientation" : 8
  }, {
    "shape" : "6b38734c-bdaa-4d6b-9bf8-e2e1e8957668",
    "color" : "#99FF00",
    "position" : {
      "x" : -16.944271,
      "y" : -46.978714,
      "z" : -57.686916
    }
  }, {
    "shape" : "3cd9a937-cc9e-4e47-b9c5-466beef96765",
    "color" : "#339900",
    "position" : {
      "x" : -12.708204,
      "y" : 13.708204,
      "z" : 20.562305
    },
    "orientation" : 8
  }, {
    "shape" : "f6c1fe38-b77f-4586-aa45-84c287a89514",
    "color" : "#000000",
    "position" : {
      "x" : 50.832817,
      "y" : -18.944271,
      "z" : -32.652477
    },
    "orientation" : 3
  }, {
    "shape" : "6b38734c-bdaa-4d6b-9bf8-e2e1e8957668",
    "color" : "#FF6666",
    "position" : {
      "x" : 55.068882,
      "y" : -59.068882,
      "z" : -53.832817
    }
  }, {
    "shape" : "3cd9a937-cc9e-4e47-b9c5-466beef96765",
    "color" : "#0000FF",
    "position" : {
      "x" : -38.12461,
      "y" : -16.944271,
      "z" : 8.854102
    },
    "orientation" : 8
  }, {
    "shape" : "6b38734c-bdaa-4d6b-9bf8-e2e1e8957668",
    "color" : "#FF6666",
    "position" : {
      "x" : -21.18034,
      "y" : -35.888542,
      "z" : -57.686916
    }
  }, {
    "shape" : "7c847d3b-8139-496b-b065-ae487a9f1058",
    "color" : "#000000",
    "position" : {
      "x" : 46.59675,
      "y" : -79.63119,
      "z" : -110.9017
    },
    "orientation" : 7
  }, {
    "shape" : "7c847d3b-8139-496b-b065-ae487a9f1058",
    "color" : "#000000",
    "position" : {
      "x" : 59.30495,
      "y" : -43.742645,
      "z" : -56.45085
    },
    "orientation" : 22
  }, {
    "shape" : "7c847d3b-8139-496b-b065-ae487a9f1058",
    "color" : "#000000",
    "position" : {
      "x" : -38.12461,
      "y" : 11.09017,
      "z" : -33.888542
    },
    "orientation" : 7
  }, {
    "shape" : "6b38734c-bdaa-4d6b-9bf8-e2e1e8957668",
    "color" : "#FF6666",
    "position" : {
      "x" : -8.472136,
      "y" : -5.236068,
      "z" : -61.30495
    }
  }, {
    "shape" : "f6c1fe38-b77f-4586-aa45-84c287a89514",
    "color" : "#000000",
    "position" : {
      "x" : -42.36068,
      "y" : 13.708204,
      "z" : -11.708204
    },
    "orientation" : 3
  }, {
    "shape" : "f6c1fe38-b77f-4586-aa45-84c287a89514",
    "color" : "#000000",
    "position" : {
      "x" : 8.472136,
      "y" : -13.708204,
      "z" : -22.18034
    },
    "orientation" : 3
  }, {
    "shape" : "7c847d3b-8139-496b-b065-ae487a9f1058",
    "color" : "#000000",
    "position" : {
      "x" : -29.652475,
      "y" : -46.978714,
      "z" : -73.01315
    },
    "orientation" : 7
  }, {
    "shape" : "c621324b-366e-4b87-aaf4-a1ef98767c86",
    "color" : "#000000",
    "position" : {
      "x" : 59.30495,
      "y" : -68.54102,
      "z" : -93.95743
    },
    "orientation" : 1
  }, {
    "shape" : "c621324b-366e-4b87-aaf4-a1ef98767c86",
    "color" : "#000000",
    "position" : {
      "x" : -42.36068,
      "y" : 13.708204,
      "z" : -11.708204
    },
    "orientation" : 1
  }, {
    "shape" : "6b38734c-bdaa-4d6b-9bf8-e2e1e8957668",
    "color" : "#FF6666",
    "position" : {
      "x" : 21.18034,
      "y" : -21.562305,
      "z" : -88.72136
    }
  }, {
    "shape" : "c621324b-366e-4b87-aaf4-a1ef98767c86",
    "color" : "#000000",
    "position" : {
      "x" : 0.0,
      "y" : -63.30495,
      "z" : -100.429565
    },
    "orientation" : 1
  }, {
    "shape" : "f6c1fe38-b77f-4586-aa45-84c287a89514",
    "color" : "#000000",
    "position" : {
      "x" : -42.36068,
      "y" : 14.708204,
      "z" : 52.214783
    },
    "orientation" : 3
  }, {
    "shape" : "c621324b-366e-4b87-aaf4-a1ef98767c86",
    "color" : "#000000",
    "position" : {
      "x" : 8.472136,
      "y" : 19.562305,
      "z" : -6.854102
    },
    "orientation" : 1
  }, {
    "shape" : "3cd9a937-cc9e-4e47-b9c5-466beef96765",
    "color" : "#0000FF",
    "position" : {
      "x" : 46.59675,
      "y" : -71.15905,
      "z" : -133.08205
    },
    "orientation" : 30
  }, {
    "shape" : "6b38734c-bdaa-4d6b-9bf8-e2e1e8957668",
    "color" : "#99FF00",
    "position" : {
      "x" : 25.416409,
      "y" : -32.652477,
      "z" : -88.72136
    }
  }, {
    "shape" : "6b38734c-bdaa-4d6b-9bf8-e2e1e8957668",
    "color" : "#FF6666",
    "position" : {
      "x" : 12.708204,
      "y" : 16.944271,
      "z" : -29.034441
    }
  }, {
    "shape" : "6b38734c-bdaa-4d6b-9bf8-e2e1e8957668",
    "color" : "#FF6666",
    "position" : {
      "x" : -25.416409,
      "y" : 5.236068,
      "z" : 27.416409
    }
  }, {
    "shape" : "c621324b-366e-4b87-aaf4-a1ef98767c86",
    "color" : "#000000",
    "position" : {
      "x" : -33.888542,
      "y" : -46.978714,
      "z" : -74.63119
    },
    "orientation" : 1
  }, {
    "shape" : "6b38734c-bdaa-4d6b-9bf8-e2e1e8957668",
    "color" : "#FF6666",
    "position" : {
      "x" : 42.36068,
      "y" : -50.59675,
      "z" : -91.33939
    }
  }, {
    "shape" : "7c847d3b-8139-496b-b065-ae487a9f1058",
    "color" : "#000000",
    "position" : {
      "x" : 21.18034,
      "y" : -30.034441,
      "z" : -66.54102
    },
    "orientation" : 7
  }, {
    "shape" : "6b38734c-bdaa-4d6b-9bf8-e2e1e8957668",
    "color" : "#FF6666",
    "position" : {
      "x" : 38.12461,
      "y" : -68.54102,
      "z" : -112.51973
    }
  }, {
    "shape" : "7c847d3b-8139-496b-b065-ae487a9f1058",
    "color" : "#000000",
    "position" : {
      "x" : -42.36068,
      "y" : 38.506577,
      "z" : 25.798374
    },
    "orientation" : 22
  }, {
    "shape" : "3cd9a937-cc9e-4e47-b9c5-466beef96765",
    "color" : "#339900",
    "position" : {
      "x" : 21.18034,
      "y" : 41.742645,
      "z" : 11.708204
    },
    "orientation" : 30
  }, {
    "shape" : "6b38734c-bdaa-4d6b-9bf8-e2e1e8957668",
    "color" : "#99FF00",
    "position" : {
      "x" : 25.416409,
      "y" : -13.708204,
      "z" : -5.236068
    }
  }, {
    "shape" : "6b38734c-bdaa-4d6b-9bf8-e2e1e8957668",
    "color" : "#FF6666",
    "position" : {
      "x" : 21.18034,
      "y" : -57.45085,
      "z" : -127.84597
    }
  }, {
    "shape" : "7c847d3b-8139-496b-b065-ae487a9f1058",
    "color" : "#000000",
    "position" : {
      "x" : 12.708204,
      "y" : -7.854102,
      "z" : -66.54102
    },
    "orientation" : 7
  }, {
    "shape" : "6b38734c-bdaa-4d6b-9bf8-e2e1e8957668",
    "color" : "#99FF00",
    "position" : {
      "x" : -21.18034,
      "y" : 9.472136,
      "z" : 23.18034
    }
  }, {
    "shape" : "3cd9a937-cc9e-4e47-b9c5-466beef96765",
    "color" : "#0000FF",
    "position" : {
      "x" : 63.54102,
      "y" : -35.27051,
      "z" : -77.01315
    },
    "orientation" : 30
  }, {
    "shape" : "6b38734c-bdaa-4d6b-9bf8-e2e1e8957668",
    "color" : "#FF6666",
    "position" : {
      "x" : -8.472136,
      "y" : -40.12461,
      "z" : -36.506577
    }
  }, {
    "shape" : "f6c1fe38-b77f-4586-aa45-84c287a89514",
    "color" : "#000000",
    "position" : {
      "x" : 33.888542,
      "y" : -54.832817,
      "z" : -88.72136
    },
    "orientation" : 3
  }, {
    "shape" : "6b38734c-bdaa-4d6b-9bf8-e2e1e8957668",
    "color" : "#FF6666",
    "position" : {
      "x" : 0.0,
      "y" : 24.798374,
      "z" : 37.506577
    }
  }, {
    "shape" : "c621324b-366e-4b87-aaf4-a1ef98767c86",
    "color" : "#000000",
    "position" : {
      "x" : -16.944271,
      "y" : 8.472136,
      "z" : -39.12461
    },
    "orientation" : 1
  }, {
    "shape" : "6b38734c-bdaa-4d6b-9bf8-e2e1e8957668",
    "color" : "#99FF00",
    "position" : {
