{
  "field" : "golden",
  "symmetry" : "icosahedral",
  "orientations" : [ [ 1.0, 0.0, 0.0, 0.0, 0.0, 1.0, 0.0, 0.0, 0.0, 0.0, 1.0, 0.0, 0.0, 0.0, 0.0, 1.0 ], [ 0.0, 0.0, 1.0, 0.0, 1.0, 0.0, 0.0, 0.0, 0.0, 1.0, 0.0, 0.0, 0.0, 0.0, 0.0, 1.0 ], [ 0.0, 1.0, 0.0, 0.0, 0.0, 0.0, 1.0, 0.0, 1.0, 0.0, 0.0, 0.0, 0.0, 0.0, 0.0, 1.0 ], [ 0.809017, 0.309017, 0.5, 0.0, 0.309017, 0.5, -0.809017, 0.0, -0.5, 0.809017, 0.309017, 0.0, 0.0, 0.0, 0.0, 1.0 ], [ -0.5, 0.809017, 0.309017, 0.0, 0.809017, 0.309017, 0.5, 0.0, 0.309017, 0.5, -0.809017, 0.0, 0.0, 0.0, 0.0, 1.0 ], [ 0.309017, 0.5, -0.809017, 0.0, -0.5, 0.809017, 0.309017, 0.0, 0.809017, 0.309017, 0.5, 0.0, 0.0, 0.0, 0.0, 1.0 ], [ 0.5, 0.809017, 0.309017, 0.0, 0.809017, -0.309017, -0.5, 0.0, -0.309017, 0.5, -0.809017, 0.0, 0.0, 0.0, 0.0, 1.0 ], [ -0.309017, 0.5, -0.809017, 0.0, 0.5, 0.809017, 0.309017, 0.0, 0.809017, -0.309017, -0.5, 0.0, 0.0, 0.0, 0.0, 1.0 ], [ 0.809017, -0.309017, -0.5, 0.0, -0.309017, 0.5, -0.809017, 0.0, 0.5, 0.809017, 0.309017, 0.0, 0.0, 0.0, 0.0, 1.0 ], [ 0.5, 0.809017, -0.309017, 0.0, 0.809017, -0.309017, 0.5, 0.0, 0.309017, -0.5, -0.809017, 0.0, 0.0, 0.0, 0.0, 1.0 ], [ 0.309017, -0.5, -0.809017, 0.0, 0.5, 0.809017, -0.309017, 0.0, 0.809017, -0.309017, 0.5, 0.0, 0.0, 0.0, 0.0, 1.0 ], [ 0.809017, -0.309017, 0.5, 0.0, 0.309017, -0.5, -0.809017, 0.0, 0.5, 0.809017, -0.309017, 0.0, 0.0, 0.0, 0.0, 1.0 ], [ 0.809017, 0.309017, -0.5, 0.0, 0.309017, 0.5, 0.809017, 0.0, 0.5, -0.809017, 0.309017, 0.0, 0.0, 0.0, 0.0, 1.0 ], [ 0.5, -0.809017, 0.309017, 0.0, 0.809017, 0.309017, -0.5, 0.0, 0.309017, 0.5, 0.809017, 0.0, 0.0, 0.0, 0.0, 1.0 ], [ 0.309017, 0.5, 0.809017, 0.0, 0.5, -0.809017, 0.309017, 0.0, 0.809017, 0.309017, -0.5, 0.0, 0.0, 0.0, 0.0, 1.0 ], [ 1.0, 0.0, 0.0, 0.0, 0.0, -1.0, 0.0, 0.0, 0.0, 0.0, -1.0, 0.0, 0.0, 0.0, 0.0, 1.0 ], [ 0.0, 0.0, 1.0, 0.0, -1.0, 0.0, 0.0, 0.0, 0.0, -1.0, 0.0, 0.0, 0.0, 0.0, 0.0, 1.0 ], [ 0.0, 1.0, 0.0, 0.0, 0.0, 0.0, -1.0, 0.0, -1.0, 0.0, 0.0, 0.0, 0.0, 0.0, 0.0, 1.0 ], [ 0.809017, 0.309017, 0.5, 0.0, -0.309017, -0.5, 0.809017, 0.0, 0.5, -0.809017, -0.309017, 0.0, 0.0, 0.0, 0.0, 1.0 ], [ -0.5, 0.809017, 0.309017, 0.0, -0.809017, -0.309017, -0.5, 0.0, -0.309017, -0.5, 0.809017, 0.0, 0.0, 0.0, 0.0, 1.0 ], [ 0.309017, 0.5, -0.809017, 0.0, 0.5, -0.809017, -0.309017, 0.0, -0.809017, -0.309017, -0.5, 0.0, 0.0, 0.0, 0.0, 1.0 ], [ 0.5, 0.809017, 0.309017, 0.0, -0.809017, 0.309017, 0.5, 0.0, 0.309017, -0.5, 0.809017, 0.0, 0.0, 0.0, 0.0, 1.0 ], [ -0.309017, 0.5, -0.809017, 0.0, -0.5, -0.809017, -0.309017, 0.0, -0.809017, 0.309017, 0.5, 0.0, 0.0, 0.0, 0.0, 1.0 ], [ 0.809017, -0.309017, -0.5, 0.0, 0.309017, -0.5, 0.809017, 0.0, -0.5, -0.809017, -0.309017, 0.0, 0.0, 0.0, 0.0, 1.0 ], [ 0.5, 0.809017, -0.309017, 0.0, -0.809017, 0.309017, -0.5, 0.0, -0.309017, 0.5, 0.809017, 0.0, 0.0, 0.0, 0.0, 1.0 ], [ 0.309017, -0.5, -0.809017, 0.0, -0.5, -0.809017, 0.309017, 0.0, -0.809017, 0.309017, -0.5, 0.0, 0.0, 0.0, 0.0, 1.0 ], [ 0.809017, -0.309017, 0.5, 0.0, -0.309017, 0.5, 0.809017, 0.0, -0.5, -0.809017, 0.309017, 0.0, 0.0, 0.0, 0.0, 1.0 ], [ 0.809017, 0.309017, -0.5, 0.0, -0.309017, -0.5, -0.809017, 0.0, -0.5, 0.809017, -0.309017, 0.0, 0.0, 0.0, 0.0, 1.0 ], [ 0.5, -0.809017, 0.309017, 0.0, -0.809017, -0.309017, 0.5, 0.0, -0.309017, -0.5, -0.809017, 0.0, 0.0, 0.0, 0.0, 1.0 ], [ 0.309017, 0.5, 0.809017, 0.0, -0.5, 0.809017, -0.309017, 0.0, -0.809017, -0.309017, 0.5, 0.0, 0.0, 0.0, 0.0, 1.0 ], [ -1.0, 0.0, 0.0, 0.0, 0.0, -1.0, 0.0, 0.0, 0.0, 0.0, 1.0, 0.0, 0.0, 0.0, 0.0, 1.0 ], [ 0.0, 0.0, -1.0, 0.0, -1.0, 0.0, 0.0, 0.0, 0.0, 1.0, 0.0, 0.0, 0.0, 0.0, 0.0, 1.0 ], [ 0.0, -1.0, 0.0, 0.0, 0.0, 0.0, -1.0, 0.0, 1.0, 0.0, 0.0, 0.0, 0.0, 0.0, 0.0, 1.0 ], [ -0.809017, -0.309017, -0.5, 0.0, -0.309017, -0.5, 0.809017, 0.0, -0.5, 0.809017, 0.309017, 0.0, 0.0, 0.0, 0.0, 1.0 ], [ 0.5, -0.809017, -0.309017, 0.0, -0.809017, -0.309017, -0.5, 0.0, 0.309017, 0.5, -0.809017, 0.0, 0.0, 0.0, 0.0, 1.0 ], [ -0.309017, -0.5, 0.809017, 0.0, 0.5, -0.809017, -0.309017, 0.0, 0.809017, 0.309017, 0.5, 0.0, 0.0, 0.0, 0.0, 1.0 ], [ -0.5, -0.809017, -0.309017, 0.0, -0.809017, 0.309017, 0.5, 0.0, -0.309017, 0.5, -0.809017, 0.0, 0.0, 0.0, 0.0, 1.0 ], [ 0.309017, -0.5, 0.809017, 0.0, -0.5, -0.809017, -0.309017, 0.0, 0.809017, -0.309017, -0.5, 0.0, 0.0, 0.0, 0.0, 1.0 ], [ -0.809017, 0.309017, 0.5, 0.0, 0.309017, -0.5, 0.809017, 0.0, 0.5, 0.809017, 0.309017, 0.0, 0.0, 0.0, 0.0, 1.0 ], [ -0.5, -0.809017, 0.309017, 0.0, -0.809017, 0.309017, -0.5, 0.0, 0.309017, -0.5, -0.809017, 0.0, 0.0, 0.0, 0.0, 1.0 ], [ -0.309017, 0.5, 0.809017, 0.0, -0.5, -0.809017, 0.309017, 0.0, 0.809017, -0.309017, 0.5, 0.0, 0.0, 0.0, 0.0, 1.0 ], [ -0.809017, 0.309017, -0.5, 0.0, -0.309017, 0.5, 0.809017, 0.0, 0.5, 0.809017, -0.309017, 0.0, 0.0, 0.0, 0.0, 1.0 ], [ -0.809017, -0.309017, 0.5, 0.0, -0.309017, -0.5, -0.809017, 0.0, 0.5, -0.809017, 0.309017, 0.0, 0.0, 0.0, 0.0, 1.0 ], [ -0.5, 0.809017, -0.309017, 0.0, -0.809017, -0.309017, 0.5, 0.0, 0.309017, 0.5, 0.809017, 0.0, 0.0, 0.0, 0.0, 1.0 ], [ -0.309017, -0.5, -0.809017, 0.0, -0.5, 0.809017, -0.309017, 0.0, 0.809017, 0.309017, -0.5, 0.0, 0.0, 0.0, 0.0, 1.0 ], [ -1.0, 0.0, 0.0, 0.0, 0.0, 1.0, 0.0, 0.0, 0.0, 0.0, -1.0, 0.0, 0.0, 0.0, 0.0, 1.0 ], [ 0.0, 0.0, -1.0, 0.0, 1.0, 0.0, 0.0, 0.0, 0.0, -1.0, 0.0, 0.0, 0.0, 0.0, 0.0, 1.0 ], [ 0.0, -1.0, 0.0, 0.0, 0.0, 0.0, 1.0, 0.0, -1.0, 0.0, 0.0, 0.0, 0.0, 0.0, 0.0, 1.0 ], [ -0.809017, -0.309017, -0.5, 0.0, 0.309017, 0.5, -0.809017, 0.0, 0.5, -0.809017, -0.309017, 0.0, 0.0, 0.0, 0.0, 1.0 ], [ 0.5, -0.809017, -0.309017, 0.0, 0.809017, 0.309017, 0.5, 0.0, -0.309017, -0.5, 0.809017, 0.0, 0.0, 0.0, 0.0, 1.0 ], [ -0.309017, -0.5, 0.809017, 0.0, -0.5, 0.809017, 0.309017, 0.0, -0.809017, -0.309017, -0.5, 0.0, 0.0, 0.0, 0.0, 1.0 ], [ -0.5, -0.809017, -0.309017, 0.0, 0.809017, -0.309017, -0.5, 0.0, 0.309017, -0.5, 0.809017, 0.0, 0.0, 0.0, 0.0, 1.0 ], [ 0.309017, -0.5, 0.809017, 0.0, 0.5, 0.809017, 0.309017, 0.0, -0.809017, 0.309017, 0.5, 0.0, 0.0, 0.0, 0.0, 1.0 ], [ -0.809017, 0.309017, 0.5, 0.0, -0.309017, 0.5, -0.809017, 0.0, -0.5, -0.809017, -0.309017, 0.0, 0.0, 0.0, 0.0, 1.0 ], [ -0.5, -0.809017, 0.309017, 0.0, 0.809017, -0.309017, 0.5, 0.0, -0.309017, 0.5, 0.809017, 0.0, 0.0, 0.0, 0.0, 1.0 ], [ -0.309017, 0.5, 0.809017, 0.0, 0.5, 0.809017, -0.309017, 0.0, -0.809017, 0.309017, -0.5, 0.0, 0.0, 0.0, 0.0, 1.0 ], [ -0.809017, 0.309017, -0.5, 0.0, 0.309017, -0.5, -0.809017, 0.0, -0.5, -0.809017, 0.309017, 0.0, 0.0, 0.0, 0.0, 1.0 ], [ -0.809017, -0.309017, 0.5, 0.0, 0.309017, 0.5, 0.809017, 0.0, -0.5, 0.809017, -0.309017, 0.0, 0.0, 0.0, 0.0, 1.0 ], [ -0.5, 0.809017, -0.309017, 0.0, 0.809017, 0.309017, -0.5, 0.0, -0.309017, -0.5, -0.809017, 0.0, 0.0, 0.0, 0.0, 1.0 ], [ -0.309017, -0.5, -0.809017, 0.0, 0.5, -0.809017, 0.309017, 0.0, -0.809017, -0.309017, 0.5, 0.0, 0.0, 0.0, 0.0, 1.0 ] ],
  "lights" : {
    "directionalLights" : [ {
      "direction" : {
        "x" : 1.0,
        "y" : -1.0,
        "z" : -1.0
      },
      "color" : "#EBEBE4"
    }, {
      "direction" : {
        "x" : -1.0,
        "y" : 0.0,
        "z" : 0.0
      },
      "color" : "#E4E4EB"
    }, {
      "direction" : {
        "x" : 0.0,
        "y" : 0.0,
        "z" : -1.0
      },
      "color" : "#1E1E1E"
    } ],
    "backgroundColor" : "#000000",
    "ambientColor" : "#292929"
  },
  "camera" : {
    "position" : {
      "x" : -228.3407,
      "y" : -254.25995,
      "z" : 365.369
    },
    "width" : 232.84505,
    "nearClipDistance" : 1.2935842,
    "perspective" : false,
    "viewDistance" : 517.4327,
    "farClipDistance" : 1034.8636,
    "lookAtPoint" : {
      "x" : 39.1842,
      "y" : -63.460148,
      "z" : -34.33216
    },
    "fieldOfView" : 0.44262952,
    "upDirection" : {
      "x" : 0.7617035,
      "y" : 0.21350516,
      "z" : 0.611734
    },
    "stereo" : false,
    "lookDirection" : {
      "x" : 0.51702356,
      "y" : 0.36874324,
      "z" : -0.7724698
    }
  },
  "embedding" : [ 1.0, 0.0, 0.0, 0.0, 0.0, 1.0, 0.0, 0.0, 0.0, 0.0, 1.0, 0.0, 0.0, 0.0, 0.0, 1.0 ],
  "shapes" : [ {
    "id" : "ba0431a6-bd02-4680-8197-d4265c2bec71",
    "vertices" : [ {
      "x" : 12.708204,
      "y" : 0.309017,
      "z" : 0.19098301
    }, {
      "x" : 12.708204,
      "y" : 0.309017,
      "z" : -0.19098301
    }, {
      "x" : 1.0,
      "y" : 0.309017,
      "z" : -0.19098301
    }, {
      "x" : 1.0,
      "y" : 0.309017,
      "z" : 0.19098301
    }, {
      "x" : 12.708204,
      "y" : -0.309017,
      "z" : 0.19098301
    }, {
      "x" : 1.0,
      "y" : -0.309017,
      "z" : 0.19098301
    }, {
      "x" : 1.0,
      "y" : -0.309017,
      "z" : -0.19098301
    }, {
      "x" : 12.708204,
      "y" : -0.309017,
      "z" : -0.19098301
    }, {
      "x" : 13.708204,
      "y" : 0.0,
      "z" : 0.0
    } ],
    "faces" : [ {
      "vertices" : [ 1, 7, 6 ]
    }, {
      "vertices" : [ 1, 6, 2 ]
    }, {
      "vertices" : [ 0, 1, 2 ]
    }, {
      "vertices" : [ 0, 2, 3 ]
    }, {
      "vertices" : [ 4, 5, 6 ]
    }, {
      "vertices" : [ 4, 6, 7 ]
    }, {
      "vertices" : [ 0, 3, 5 ]
    }, {
      "vertices" : [ 0, 5, 4 ]
    } ]
  }, {
    "id" : "2af7e369-3eed-4c34-b9d6-e8c3be7cb319",
    "vertices" : [ {
      "x" : 0.309017,
      "y" : -0.809017,
      "z" : 0.618034
    }, {
      "x" : 0.809017,
      "y" : -0.618034,
      "z" : 0.309017
    }, {
      "x" : 0.618034,
      "y" : -0.309017,
      "z" : 0.809017
    }, {
      "x" : 1.0,
      "y" : 0.309017,
      "z" : 0.19098301
    }, {
      "x" : 0.809017,
      "y" : 0.618034,
      "z" : 0.309017
    }, {
      "x" : 0.618034,
      "y" : 0.309017,
      "z" : 0.809017
    }, {
      "x" : 0.809017,
      "y" : 0.0,
      "z" : 0.690983
    }, {
      "x" : 0.19098301,
      "y" : -1.0,
      "z" : 0.309017
    }, {
      "x" : -0.19098301,
      "y" : -1.0,
      "z" : 0.309017
    }, {
      "x" : -0.19098301,
      "y" : -1.0,
      "z" : -0.309017
    }, {
      "x" : 0.19098301,
      "y" : -1.0,
      "z" : -0.309017
    }, {
      "x" : 1.0,
      "y" : -0.309017,
      "z" : -0.19098301
    }, {
      "x" : 0.809017,
      "y" : -0.618034,
      "z" : -0.309017
    }, {
      "x" : 0.618034,
      "y" : -0.309017,
      "z" : -0.809017
    }, {
      "x" : 0.809017,
      "y" : 0.0,
      "z" : -0.690983
    }, {
      "x" : 0.0,
      "y" : 0.690983,
      "z" : -0.809017
    }, {
      "x" : 0.309017,
      "y" : 0.809017,
      "z" : -0.618034
    }, {
      "x" : 0.618034,
      "y" : 0.309017,
      "z" : -0.809017
    }, {
      "x" : 0.309017,
      "y" : 0.19098301,
      "z" : -1.0
    }, {
      "x" : 1.0,
      "y" : 0.309017,
      "z" : -0.19098301
    }, {
      "x" : -0.309017,
      "y" : -0.809017,
      "z" : 0.618034
    }, {
      "x" : 0.0,
      "y" : -0.690983,
      "z" : 0.809017
    }, {
      "x" : 0.809017,
      "y" : 0.618034,
      "z" : -0.309017
    }, {
      "x" : 0.690983,
      "y" : 0.809017,
      "z" : 0.0
    }, {
      "x" : -0.690983,
      "y" : 0.809017,
      "z" : 0.0
    }, {
      "x" : -0.809017,
      "y" : 0.618034,
      "z" : 0.309017
    }, {
      "x" : -0.309017,
      "y" : 0.809017,
      "z" : 0.618034
    }, {
      "x" : -0.19098301,
      "y" : 1.0,
      "z" : 0.309017
    }, {
      "x" : 0.309017,
      "y" : -0.19098301,
      "z" : -1.0
    }, {
      "x" : 0.19098301,
      "y" : 1.0,
      "z" : 0.309017
    }, {
      "x" : 0.309017,
      "y" : 0.809017,
      "z" : 0.618034
    }, {
      "x" : -0.809017,
      "y" : -0.618034,
      "z" : 0.309017
    }, {
      "x" : -0.690983,
      "y" : -0.809017,
      "z" : 0.0
    }, {
      "x" : 0.0,
      "y" : 0.690983,
      "z" : 0.809017
    }, {
      "x" : 0.309017,
      "y" : -0.809017,
      "z" : -0.618034
    }, {
      "x" : 0.0,
      "y" : -0.690983,
      "z" : -0.809017
    }, {
      "x" : -1.0,
      "y" : 0.309017,
      "z" : 0.19098301
    }, {
      "x" : -0.809017,
      "y" : 0.0,
      "z" : 0.690983
    }, {
      "x" : -0.618034,
      "y" : 0.309017,
      "z" : 0.809017
    }, {
      "x" : 1.0,
      "y" : -0.309017,
      "z" : 0.19098301
    }, {
      "x" : -0.309017,
      "y" : -0.809017,
      "z" : -0.618034
    }, {
      "x" : -1.0,
      "y" : 0.309017,
      "z" : -0.19098301
    }, {
      "x" : -1.0,
      "y" : -0.309017,
      "z" : -0.19098301
    }, {
      "x" : -1.0,
      "y" : -0.309017,
      "z" : 0.19098301
    }, {
      "x" : 0.19098301,
      "y" : 1.0,
      "z" : -0.309017
    }, {
      "x" : -0.809017,
      "y" : 0.618034,
      "z" : -0.309017
    }, {
      "x" : -0.19098301,
      "y" : 1.0,
      "z" : -0.309017
    }, {
      "x" : -0.309017,
      "y" : 0.809017,
      "z" : -0.618034
    }, {
      "x" : -0.618034,
      "y" : -0.309017,
      "z" : 0.809017
    }, {
      "x" : 0.309017,
      "y" : 0.19098301,
      "z" : 1.0
    }, {
      "x" : -0.309017,
      "y" : 0.19098301,
      "z" : -1.0
    }, {
      "x" : -0.309017,
      "y" : 0.19098301,
      "z" : 1.0
    }, {
      "x" : -0.309017,
      "y" : -0.19098301,
      "z" : 1.0
    }, {
      "x" : 0.309017,
      "y" : -0.19098301,
      "z" : 1.0
    }, {
      "x" : 0.690983,
      "y" : -0.809017,
      "z" : 0.0
    }, {
      "x" : -0.809017,
      "y" : 0.0,
      "z" : -0.690983
    }, {
      "x" : -0.618034,
      "y" : -0.309017,
      "z" : -0.809017
    }, {
      "x" : -0.309017,
      "y" : -0.19098301,
      "z" : -1.0
    }, {
      "x" : -0.618034,
      "y" : 0.309017,
      "z" : -0.809017
    }, {
      "x" : -0.809017,
      "y" : -0.618034,
      "z" : -0.309017
    } ],
    "faces" : [ {
      "vertices" : [ 9, 40, 35 ]
    }, {
      "vertices" : [ 9, 35, 34 ]
    }, {
      "vertices" : [ 9, 34, 10 ]
    }, {
      "vertices" : [ 0, 1, 2 ]
    }, {
      "vertices" : [ 33, 51, 49 ]
    }, {
      "vertices" : [ 25, 36, 37 ]
    }, {
      "vertices" : [ 25, 37, 38 ]
    }, {
      "vertices" : [ 41, 55, 42 ]
    }, {
      "vertices" : [ 9, 32, 59 ]
    }, {
      "vertices" : [ 9, 59, 40 ]
    }, {
      "vertices" : [ 20, 21, 52 ]
    }, {
      "vertices" : [ 20, 52, 48 ]
    }, {
      "vertices" : [ 26, 33, 30 ]
    }, {
      "vertices" : [ 26, 30, 29 ]
    }, {
      "vertices" : [ 26, 29, 27 ]
    }, {
      "vertices" : [ 3, 4, 5 ]
    }, {
      "vertices" : [ 3, 5, 6 ]
    }, {
      "vertices" : [ 27, 29, 44 ]
    }, {
      "vertices" : [ 27, 44, 46 ]
    }, {
      "vertices" : [ 50, 57, 56 ]
    }, {
      "vertices" : [ 50, 56, 55 ]
    }, {
      "vertices" : [ 50, 55, 58 ]
    }, {
      "vertices" : [ 26, 38, 51 ]
    }, {
      "vertices" : [ 26, 51, 33 ]
    }, {
      "vertices" : [ 45, 47, 58 ]
    }, {
      "vertices" : [ 18, 28, 57 ]
    }, {
      "vertices" : [ 18, 57, 50 ]
    }, {
      "vertices" : [ 40, 59, 56 ]
    }, {
      "vertices" : [ 31, 48, 37 ]
    }, {
      "vertices" : [ 31, 37, 43 ]
    }, {
      "vertices" : [ 7, 8, 9 ]
    }, {
      "vertices" : [ 7, 9, 10 ]
    }, {
      "vertices" : [ 36, 41, 42 ]
    }, {
      "vertices" : [ 36, 42, 43 ]
    }, {
      "vertices" : [ 24, 46, 47 ]
    }, {
      "vertices" : [ 24, 47, 45 ]
    }, {
      "vertices" : [ 4, 30, 5 ]
    }, {
      "vertices" : [ 15, 47, 46 ]
    }, {
      "vertices" : [ 15, 46, 44 ]
    }, {
      "vertices" : [ 15, 44, 16 ]
    }, {
      "vertices" : [ 15, 50, 58 ]
    }, {
      "vertices" : [ 15, 58, 47 ]
    }, {
      "vertices" : [ 24, 45, 41 ]
    }, {
      "vertices" : [ 24, 41, 36 ]
    }, {
      "vertices" : [ 24, 36, 25 ]
    }, {
      "vertices" : [ 11, 14, 19 ]
    }, {
      "vertices" : [ 3, 6, 39 ]
    }, {
      "vertices" : [ 1, 39, 6 ]
    }, {
      "vertices" : [ 1, 6, 2 ]
    }, {
      "vertices" : [ 8, 32, 9 ]
    }, {
      "vertices" : [ 11, 12, 13 ]
    }, {
      "vertices" : [ 11, 13, 14 ]
    }, {
      "vertices" : [ 16, 22, 17 ]
    }, {
      "vertices" : [ 0, 21, 20 ]
    }, {
      "vertices" : [ 0, 20, 8 ]
    }, {
      "vertices" : [ 0, 8, 7 ]
    }, {
      "vertices" : [ 12, 34, 13 ]
    }, {
      "vertices" : [ 35, 40, 56 ]
    }, {
      "vertices" : [ 35, 56, 57 ]
    }, {
      "vertices" : [ 0, 7, 54 ]
    }, {
      "vertices" : [ 0, 54, 1 ]
    }, {
      "vertices" : [ 15, 16, 17 ]
    }, {
      "vertices" : [ 15, 17, 18 ]
    }, {
      "vertices" : [ 3, 19, 22 ]
    }, {
      "vertices" : [ 3, 22, 23 ]
    }, {
      "vertices" : [ 3, 23, 4 ]
    }, {
      "vertices" : [ 7, 10, 54 ]
    }, {
      "vertices" : [ 41, 45, 58 ]
    }, {
      "vertices" : [ 41, 58, 55 ]
    }, {
      "vertices" : [ 3, 39, 11 ]
    }, {
      "vertices" : [ 3, 11, 19 ]
    }, {
      "vertices" : [ 14, 17, 22 ]
    }, {
      "vertices" : [ 14, 22, 19 ]
    }, {
      "vertices" : [ 0, 2, 53 ]
    }, {
      "vertices" : [ 0, 53, 21 ]
    }, {
      "vertices" : [ 49, 51, 52 ]
    }, {
      "vertices" : [ 49, 52, 53 ]
    }, {
      "vertices" : [ 31, 43, 42 ]
    }, {
      "vertices" : [ 31, 42, 59 ]
    }, {
      "vertices" : [ 31, 59, 32 ]
    }, {
      "vertices" : [ 15, 18, 50 ]
    }, {
      "vertices" : [ 42, 55, 56 ]
    }, {
      "vertices" : [ 42, 56, 59 ]
    }, {
      "vertices" : [ 4, 23, 29 ]
    }, {
      "vertices" : [ 4, 29, 30 ]
    }, {
      "vertices" : [ 25, 38, 26 ]
    }, {
      "vertices" : [ 13, 28, 18 ]
    }, {
      "vertices" : [ 13, 18, 17 ]
    }, {
      "vertices" : [ 13, 17, 14 ]
    }, {
      "vertices" : [ 8, 20, 31 ]
    }, {
      "vertices" : [ 8, 31, 32 ]
    }, {
      "vertices" : [ 23, 44, 29 ]
    }, {
      "vertices" : [ 24, 27, 46 ]
    }, {
      "vertices" : [ 37, 48, 52 ]
    }, {
      "vertices" : [ 37, 52, 51 ]
    }, {
      "vertices" : [ 37, 51, 38 ]
    }, {
      "vertices" : [ 20, 48, 31 ]
    }, {
      "vertices" : [ 24, 25, 26 ]
    }, {
      "vertices" : [ 24, 26, 27 ]
    }, {
      "vertices" : [ 16, 44, 23 ]
    }, {
      "vertices" : [ 16, 23, 22 ]
    }, {
      "vertices" : [ 13, 34, 35 ]
    }, {
      "vertices" : [ 13, 35, 28 ]
    }, {
      "vertices" : [ 10, 34, 12 ]
    }, {
      "vertices" : [ 10, 12, 54 ]
    }, {
      "vertices" : [ 2, 6, 5 ]
    }, {
      "vertices" : [ 2, 5, 49 ]
    }, {
      "vertices" : [ 2, 49, 53 ]
    }, {
      "vertices" : [ 36, 43, 37 ]
    }, {
      "vertices" : [ 5, 30, 33 ]
    }, {
      "vertices" : [ 5, 33, 49 ]
    }, {
      "vertices" : [ 1, 54, 12 ]
    }, {
      "vertices" : [ 1, 12, 11 ]
    }, {
      "vertices" : [ 1, 11, 39 ]
    }, {
      "vertices" : [ 28, 35, 57 ]
    }, {
      "vertices" : [ 21, 53, 52 ]
    } ]
  }, {
    "id" : "713ae92e-46be-4790-95c4-5c243f03076f",
    "vertices" : [ {
      "x" : 21.18034,
      "y" : 0.309017,
      "z" : 0.19098301
    }, {
      "x" : 21.18034,
      "y" : 0.309017,
      "z" : -0.19098301
    }, {
      "x" : 1.0,
      "y" : 0.309017,
      "z" : -0.19098301
    }, {
      "x" : 1.0,
      "y" : 0.309017,
      "z" : 0.19098301
    }, {
      "x" : 21.18034,
      "y" : -0.309017,
      "z" : 0.19098301
    }, {
      "x" : 1.0,
      "y" : -0.309017,
      "z" : 0.19098301
    }, {
      "x" : 1.0,
      "y" : -0.309017,
      "z" : -0.19098301
    }, {
      "x" : 21.18034,
      "y" : -0.309017,
      "z" : -0.19098301
    }, {
      "x" : 22.18034,
      "y" : 0.0,
      "z" : 0.0
    } ],
    "faces" : [ {
      "vertices" : [ 1, 7, 6 ]
    }, {
      "vertices" : [ 1, 6, 2 ]
    }, {
      "vertices" : [ 0, 1, 2 ]
    }, {
      "vertices" : [ 0, 2, 3 ]
    }, {
      "vertices" : [ 4, 5, 6 ]
    }, {
      "vertices" : [ 4, 6, 7 ]
    }, {
      "vertices" : [ 0, 3, 5 ]
    }, {
      "vertices" : [ 0, 5, 4 ]
    } ]
  }, {
    "id" : "8131fdeb-fe41-4842-9aa3-aa1b9c4223f9",
    "vertices" : [ {
      "x" : 0.809017,
      "y" : 0.0,
      "z" : -0.690983
    }, {
      "x" : 1.0,
      "y" : 0.309017,
      "z" : -0.19098301
    }, {
      "x" : 2.618034,
      "y" : 0.309017,
      "z" : -0.809017
    }, {
      "x" : 2.427051,
      "y" : 0.0,
      "z" : -1.309017
    }, {
      "x" : 5.854102,
      "y" : 0.309017,
      "z" : -2.427051
    }, {
      "x" : 1.0,
      "y" : -0.309017,
      "z" : -0.19098301
    }, {
      "x" : 2.618034,
      "y" : -0.309017,
      "z" : -0.809017
    }, {
      "x" : 4.236068,
      "y" : 0.309017,
      "z" : -1.809017
    }, {
      "x" : 4.427051,
      "y" : 0.0,
      "z" : -1.309017
    }, {
      "x" : 6.854102,
      "y" : 0.0,
      "z" : -2.618034
    }, {
      "x" : 4.236068,
      "y" : -0.309017,
      "z" : -1.809017
    }, {
      "x" : 6.045085,
      "y" : 0.0,
      "z" : -1.927051
    }, {
      "x" : 5.854102,
      "y" : -0.309017,
      "z" : -2.427051
    } ],
    "faces" : [ {
      "vertices" : [ 2, 6, 8 ]
    }, {
      "vertices" : [ 4, 12, 10 ]
    }, {
      "vertices" : [ 4, 10, 7 ]
    }, {
      "vertices" : [ 2, 8, 7 ]
    }, {
      "vertices" : [ 3, 10, 6 ]
    }, {
      "vertices" : [ 3, 7, 10 ]
    }, {
      "vertices" : [ 0, 1, 2 ]
    }, {
      "vertices" : [ 0, 2, 3 ]
    }, {
      "vertices" : [ 6, 10, 8 ]
    }, {
      "vertices" : [ 8, 10, 12 ]
    }, {
      "vertices" : [ 8, 12, 11 ]
    }, {
      "vertices" : [ 2, 7, 3 ]
    }, {
      "vertices" : [ 0, 3, 6 ]
    }, {
      "vertices" : [ 0, 6, 5 ]
    }, {
      "vertices" : [ 1, 5, 6 ]
    }, {
      "vertices" : [ 1, 6, 2 ]
    }, {
      "vertices" : [ 4, 7, 8 ]
    }, {
      "vertices" : [ 4, 8, 11 ]
    } ]
  }, {
    "id" : "c78194a3-25e1-4a40-8ce1-a0ed05e31448",
    "vertices" : [ {
      "x" : 7.472136,
      "y" : 0.309017,
      "z" : 0.19098301
    }, {
      "x" : 7.472136,
      "y" : 0.309017,
      "z" : -0.19098301
    }, {
      "x" : 1.0,
      "y" : 0.309017,
      "z" : -0.19098301
    }, {
      "x" : 1.0,
      "y" : 0.309017,
      "z" : 0.19098301
    }, {
      "x" : 7.472136,
      "y" : -0.309017,
      "z" : 0.19098301
    }, {
      "x" : 1.0,
      "y" : -0.309017,
      "z" : 0.19098301
    }, {
      "x" : 1.0,
      "y" : -0.309017,
      "z" : -0.19098301
    }, {
      "x" : 7.472136,
      "y" : -0.309017,
      "z" : -0.19098301
    }, {
      "x" : 8.472136,
      "y" : 0.0,
      "z" : 0.0
    } ],
    "faces" : [ {
      "vertices" : [ 1, 7, 6 ]
    }, {
      "vertices" : [ 1, 6, 2 ]
    }, {
      "vertices" : [ 0, 1, 2 ]
    }, {
      "vertices" : [ 0, 2, 3 ]
    }, {
      "vertices" : [ 4, 5, 6 ]
    }, {
      "vertices" : [ 4, 6, 7 ]
    }, {
      "vertices" : [ 0, 3, 5 ]
    }, {
      "vertices" : [ 0, 5, 4 ]
    } ]
  } ],
  "instances" : [ {
    "shape" : "ba0431a6-bd02-4680-8197-d4265c2bec71",
    "color" : "#999999",
    "position" : {
      "x" : 71.777084,
      "y" : -101.81153,
      "z" : -64.92299
    },
    "orientation" : 2
  }, {
    "shape" : "2af7e369-3eed-4c34-b9d6-e8c3be7cb319",
    "color" : "#FF3366",
    "position" : {
      "x" : 73.39512,
      "y" : -65.92299,
      "z" : -59.068882
    }
  }, {
    "shape" : "713ae92e-46be-4790-95c4-5c243f03076f",
    "color" : "#999999",
    "position" : {
      "x" : 24.798374,
      "y" : -31.652475,
      "z" : -29.034441
    },
    "orientation" : 39
  }, {
    "shape" : "2af7e369-3eed-4c34-b9d6-e8c3be7cb319",
    "color" : "#FF3366",
    "position" : {
      "x" : 42.742645,
      "y" : -88.103325,
      "z" : -40.12461
    }
  }, {
    "shape" : "2af7e369-3eed-4c34-b9d6-e8c3be7cb319",
    "color" : "#66FF00",
    "position" : {
      "x" : 59.686916,
      "y" : -16.326239,
      "z" : -64.304955
    }
  }, {
    "shape" : "2af7e369-3eed-4c34-b9d6-e8c3be7cb319",
    "color" : "#FF3366",
    "position" : {
      "x" : 36.888542,
      "y" : -141.93614,
      "z" : -22.798374
    }
  }, {
    "shape" : "2af7e369-3eed-4c34-b9d6-e8c3be7cb319",
    "color" : "#66FF00",
    "position" : {
      "x" : 30.034441,
      "y" : -117.137764,
      "z" : 8.854102
    }
  }, {
    "shape" : "2af7e369-3eed-4c34-b9d6-e8c3be7cb319",
    "color" : "#FF3366",
    "position" : {
      "x" : 0.0,
      "y" : 0.0,
      "z" : -13.708204
    }
  }, {
    "shape" : "713ae92e-46be-4790-95c4-5c243f03076f",
    "color" : "#999999",
    "position" : {
      "x" : 102.429565,
      "y" : -79.63119,
      "z" : -97.57546
    },
    "orientation" : 39
  }, {
    "shape" : "2af7e369-3eed-4c34-b9d6-e8c3be7cb319",
    "color" : "#66FF00",
    "position" : {
      "x" : 34.27051,
      "y" : -123.99187,
      "z" : -7.472136
    }
  }, {
    "shape" : "713ae92e-46be-4790-95c4-5c243f03076f",
    "color" : "#999999",
    "position" : {
      "x" : 31.652475,
      "y" : -56.45085,
      "z" : -33.27051
    },
    "orientation" : 39
  }, {
    "shape" : "8131fdeb-fe41-4842-9aa3-aa1b9c4223f9",
    "color" : "#FF00FF",
    "position" : {
      "x" : 56.45085,
      "y" : -137.70007,
      "z" : -48.59675
    },
    "orientation" : 8
  }, {
    "shape" : "ba0431a6-bd02-4680-8197-d4265c2bec71",
    "color" : "#999999",
    "position" : {
      "x" : 58.068882,
      "y" : -52.214783,
      "z" : -83.867256
    },
    "orientation" : 2
  }, {
    "shape" : "2af7e369-3eed-4c34-b9d6-e8c3be7cb319",
    "color" : "#FF3366",
    "position" : {
      "x" : 98.1935,
      "y" : -97.57546,
      "z" : -88.103325
    }
  }, {
    "shape" : "ba0431a6-bd02-4680-8197-d4265c2bec71",
    "color" : "#999999",
    "position" : {
      "x" : 35.888542,
      "y" : -63.30495,
      "z" : -35.888542
    },
    "orientation" : 47
  }, {
    "shape" : "2af7e369-3eed-4c34-b9d6-e8c3be7cb319",
    "color" : "#FF3366",
    "position" : {
      "x" : 5.236068,
      "y" : -85.48529,
      "z" : 24.18034
    }
  }, {
    "shape" : "2af7e369-3eed-4c34-b9d6-e8c3be7cb319",
    "color" : "#66FF00",
    "position" : {
      "x" : -23.798374,
      "y" : -46.978714,
      "z" : 28.416409
    }
  }, {
    "shape" : "713ae92e-46be-4790-95c4-5c243f03076f",
    "color" : "#999999",
    "position" : {
      "x" : 64.92299,
      "y" : -77.01315,
      "z" : -74.39512
    },
    "orientation" : 39
  }, {
    "shape" : "2af7e369-3eed-4c34-b9d6-e8c3be7cb319",
    "color" : "#FF3366",
    "position" : {
      "x" : 13.708204,
      "y" : -24.798374,
      "z" : -29.034441
    }
  }, {
    "shape" : "2af7e369-3eed-4c34-b9d6-e8c3be7cb319",
    "color" : "#FF3366",
    "position" : {
      "x" : 23.18034,
      "y" : -92.33939,
      "z" : 13.09017
    }
  }, {
    "shape" : "c78194a3-25e1-4a40-8ce1-a0ed05e31448",
    "color" : "#999999",
    "position" : {
      "x" : 17.944271,
      "y" : -31.652475,
      "z" : -4.236068
    },
    "orientation" : 51
  }, {
    "shape" : "713ae92e-46be-4790-95c4-5c243f03076f",
    "color" : "#999999",
    "position" : {
      "x" : 56.45085,
      "y" : -112.9017,
      "z" : -28.034441
    },
    "orientation" : 39
  }, {
    "shape" : "c78194a3-25e1-4a40-8ce1-a0ed05e31448",
    "color" : "#999999",
    "position" : {
      "x" : -1.618034,
      "y" : -60.686916,
      "z" : 42.12461
    },
    "orientation" : 51
  }, {
    "shape" : "2af7e369-3eed-4c34-b9d6-e8c3be7cb319",
    "color" : "#66FF00",
    "position" : {
      "x" : 31.652475,
      "y" : -81.24922,
      "z" : -40.12461
    }
  }, {
    "shape" : "713ae92e-46be-4790-95c4-5c243f03076f",
    "color" : "#999999",
    "position" : {
      "x" : 53.832817,
      "y" : -70.15905,
      "z" : -33.27051
    },
    "orientation" : 39
  }, {
    "shape" : "8131fdeb-fe41-4842-9aa3-aa1b9c4223f9",
    "color" : "#FFFF00",
    "position" : {
      "x" : 64.92299,
      "y" : -101.81153,
      "z" : -53.832817
    },
    "orientation" : 8
  }, {
    "shape" : "ba0431a6-bd02-4680-8197-d4265c2bec71",
    "color" : "#999999",
    "position" : {
      "x" : 41.12461,
      "y" : -123.99187,
      "z" : -45.978714
    },
    "orientation" : 2
  }, {
    "shape" : "2af7e369-3eed-4c34-b9d6-e8c3be7cb319",
    "color" : "#FF3366",
    "position" : {
      "x" : 73.39512,
      "y" : -41.12461,
      "z" : -65.92299
    }
  }, {
    "shape" : "c78194a3-25e1-4a40-8ce1-a0ed05e31448",
    "color" : "#999999",
    "position" : {
      "x" : 42.742645,
      "y" : -63.30495,
      "z" : -60.686916
    },
    "orientation" : 24
  }, {
    "shape" : "8131fdeb-fe41-4842-9aa3-aa1b9c4223f9",
    "color" : "#00CCFF",
    "position" : {
      "x" : 35.888542,
      "y" : -63.30495,
      "z" : -22.18034
    },
    "orientation" : 8
  }, {
    "shape" : "c78194a3-25e1-4a40-8ce1-a0ed05e31448",
    "color" : "#999999",
    "position" : {
      "x" : 51.214783,
      "y" : -27.416409,
      "z" : -52.214783
    },
    "orientation" : 24
  }, {
    "shape" : "8131fdeb-fe41-4842-9aa3-aa1b9c4223f9",
    "color" : "#00CCFF",
    "position" : {
      "x" : 29.034441,
      "y" : -38.506577,
      "z" : -31.652475
    },
    "orientation" : 8
  }, {
    "shape" : "ba0431a6-bd02-4680-8197-d4265c2bec71",
    "color" : "#999999",
    "position" : {
      "x" : 71.777084,
      "y" : -126.6099,
      "z" : -71.777084
    },
    "orientation" : 47
  }, {
    "shape" : "8131fdeb-fe41-4842-9aa3-aa1b9c4223f9",
    "color" : "#FFFF00",
    "position" : {
      "x" : 62.30495,
      "y" : -59.068882,
      "z" : -59.068882
    },
    "orientation" : 8
  }, {
    "shape" : "c78194a3-25e1-4a40-8ce1-a0ed05e31448",
    "color" : "#999999",
    "position" : {
      "x" : 13.708204,
      "y" : -49.59675,
      "z" : -8.472136
    },
    "orientation" : 51
  }, {
    "shape" : "2af7e369-3eed-4c34-b9d6-e8c3be7cb319",
    "color" : "#66FF00",
    "position" : {
      "x" : 13.708204,
      "y" : -24.798374,
      "z" : 12.09017
    }
  }, {
    "shape" : "2af7e369-3eed-4c34-b9d6-e8c3be7cb319",
    "color" : "#FF3366",
    "position" : {
      "x" : 40.12461,
      "y" : -20.562305,
      "z" : -52.214783
    }
  }, {
    "shape" : "c78194a3-25e1-4a40-8ce1-a0ed05e31448",
    "color" : "#999999",
    "position" : {
      "x" : 64.92299,
      "y" : -101.81153,
      "z" : -67.54102
    },
    "orientation" : 51
  }, {
    "shape" : "2af7e369-3eed-4c34-b9d6-e8c3be7cb319",
    "color" : "#FF3366",
    "position" : {
      "x" : 46.978714,
      "y" : -70.15905,
      "z" : -35.888542
    }
  }, {
    "shape" : "c78194a3-25e1-4a40-8ce1-a0ed05e31448",
    "color" : "#999999",
    "position" : {
      "x" : 37.506577,
      "y" : -2.618034,
      "z" : -23.18034
    },
    "orientation" : 51
  }, {
    "shape" : "ba0431a6-bd02-4680-8197-d4265c2bec71",
    "color" : "#999999",
    "position" : {
      "x" : 35.888542,
      "y" : -38.506577,
      "z" : -56.45085
    },
    "orientation" : 2
  }, {
    "shape" : "2af7e369-3eed-4c34-b9d6-e8c3be7cb319",
    "color" : "#66FF00",
    "position" : {
      "x" : 63.30495,
      "y" : -137.70007,
      "z" : -32.27051
    }
  }, {
    "shape" : "713ae92e-46be-4790-95c4-5c243f03076f",
    "color" : "#999999",
    "position" : {
      "x" : 63.30495,
      "y" : -137.70007,
      "z" : -32.27051
    },
    "orientation" : 39
  }, {
    "shape" : "2af7e369-3eed-4c34-b9d6-e8c3be7cb319",
    "color" : "#66FF00",
    "position" : {
      "x" : 16.326239,
      "y" : -67.54102,
      "z" : -10.09017
    }
  }, {
    "shape" : "713ae92e-46be-4790-95c4-5c243f03076f",
    "color" : "#999999",
    "position" : {
      "x" : 69.15905,
      "y" : -59.068882,
      "z" : -83.867256
    },
    "orientation" : 39
  }, {
    "shape" : "2af7e369-3eed-4c34-b9d6-e8c3be7cb319",
    "color" : "#66FF00",
    "position" : {
      "x" : 62.30495,
      "y" : -59.068882,
      "z" : -59.068882
    }
  }, {
    "shape" : "2af7e369-3eed-4c34-b9d6-e8c3be7cb319",
    "color" : "#FF3366",
    "position" : {
      "x" : 9.472136,
      "y" : -42.742645,
      "z" : 21.562305
    }
  }, {
    "shape" : "c78194a3-25e1-4a40-8ce1-a0ed05e31448",
    "color" : "#999999",
    "position" : {
      "x" : 12.09017,
      "y" : -85.48529,
      "z" : 13.09017
    },
    "orientation" : 24
  }, {
    "shape" : "ba0431a6-bd02-4680-8197-d4265c2bec71",
    "color" : "#999999",
    "position" : {
      "x" : 51.214783,
      "y" : -52.214783,
      "z" : -59.068882
    },
    "orientation" : 47
  }, {
    "shape" : "8131fdeb-fe41-4842-9aa3-aa1b9c4223f9",
    "color" : "#00CCFF",
    "position" : {
      "x" : 41.12461,
      "y" : -148.79024,
      "z" : -11.708204
    },
    "orientation" : 8
  }, {
    "shape" : "2af7e369-3eed-4c34-b9d6-e8c3be7cb319",
    "color" : "#66FF00",
    "position" : {
      "x" : 38.506577,
      "y" : -81.24922,
      "z" : -37.506577
    }
  }, {
    "shape" : "c78194a3-25e1-4a40-8ce1-a0ed05e31448",
    "color" : "#999999",
    "position" : {
      "x" : 56.45085,
      "y" : -137.70007,
      "z" : -21.18034
    },
    "orientation" : 51
  }, {
    "shape" : "8131fdeb-fe41-4842-9aa3-aa1b9c4223f9",
    "color" : "#FFFF00",
    "position" : {
      "x" : 46.978714,
      "y" : -70.15905,
      "z" : -35.888542
    },
    "orientation" : 8
  }, {
    "shape" : "2af7e369-3eed-4c34-b9d6-e8c3be7cb319",
    "color" : "#FF3366",
    "position" : {
      "x" : 95.57546,
      "y" : -79.63119,
      "z" : -86.48529
    }
  }, {
    "shape" : "2af7e369-3eed-4c34-b9d6-e8c3be7cb319",
    "color" : "#66FF00",
    "position" : {
      "x" : 102.429565,
      "y" : -104.429565,
      "z" : -90.72136
    }
  }, {
    "shape" : "c78194a3-25e1-4a40-8ce1-a0ed05e31448",
    "color" : "#999999",
    "position" : {
      "x" : 42.742645,
      "y" : -63.30495,
      "z" : -33.27051
    },
    "orientation" : 24
  }, {
    "shape" : "2af7e369-3eed-4c34-b9d6-e8c3be7cb319",
    "color" : "#FF3366",
    "position" : {
      "x" : 23.18034,
      "y" : -92.33939,
      "z" : -14.326238
    }
  }, {
    "shape" : "2af7e369-3eed-4c34-b9d6-e8c3be7cb319",
    "color" : "#66FF00",
    "position" : {
      "x" : 47.978714,
      "y" : -148.79024,
      "z" : -22.798374
    }
  }, {
    "shape" : "ba0431a6-bd02-4680-8197-d4265c2bec71",
    "color" : "#999999",
    "position" : {
      "x" : 44.36068,
      "y" : -2.618034,
      "z" : -75.39512
    },
    "orientation" : 2
  }, {
    "shape" : "2af7e369-3eed-4c34-b9d6-e8c3be7cb319",
    "color" : "#FF3366",
    "position" : {
      "x" : -12.708204,
      "y" : -29.034441,
      "z" : 21.562305
    }
  }, {
    "shape" : "2af7e369-3eed-4c34-b9d6-e8c3be7cb319",
    "color" : "#66FF00",
    "position" : {
      "x" : 76.01315,
      "y" : -108.665634,
      "z" : -67.54102
    }
  }, {
    "shape" : "8131fdeb-fe41-4842-9aa3-aa1b9c4223f9",
    "color" : "#FFFF00",
    "position" : {
      "x" : 38.506577,
      "y" : -106.0476,
      "z" : -44.36068
    },
    "orientation" : 8
  }, {
    "shape" : "8131fdeb-fe41-4842-9aa3-aa1b9c4223f9",
    "color" : "#00CCFF",
    "position" : {
      "x" : 33.27051,
      "y" : -20.562305,
      "z" : -27.416409
    },
    "orientation" : 8
  }, {
    "shape" : "2af7e369-3eed-4c34-b9d6-e8c3be7cb319",
    "color" : "#FF3366",
    "position" : {
      "x" : 41.12461,
      "y" : -123.99187,
      "z" : -45.978714
    }
  }, {
    "shape" : "ba0431a6-bd02-4680-8197-d4265c2bec71",
    "color" : "#999999",
    "position" : {
      "x" : 47.978714,
      "y" : -148.79024,
      "z" : -22.798374
    },
    "orientation" : 2
  }, {
    "shape" : "713ae92e-46be-4790-95c4-5c243f03076f",
    "color" : "#999999",
    "position" : {
      "x" : 23.18034,
      "y" : -92.33939,
      "z" : -14.326238
    },
    "orientation" : 39
  }, {
    "shape" : "2af7e369-3eed-4c34-b9d6-e8c3be7cb319",
    "color" : "#66FF00",
    "position" : {
      "x" : 51.214783,
      "y" : -52.214783,
      "z" : -45.36068
    }
  }, {
    "shape" : "8131fdeb-fe41-4842-9aa3-aa1b9c4223f9",
    "color" : "#FF00FF",
    "position" : {
      "x" : 34.27051,
      "y" : -123.99187,
      "z" : -34.888542
    },
    "orientation" : 8
  }, {
    "shape" : "2af7e369-3eed-4c34-b9d6-e8c3be7cb319",
    "color" : "#FF3366",
    "position" : {
      "x" : 82.867256,
      "y" : -133.464,
      "z" : -71.777084
    }
  }, {
    "shape" : "2af7e369-3eed-4c34-b9d6-e8c3be7cb319",
    "color" : "#66FF00",
    "position" : {
      "x" : 13.708204,
      "y" : -49.59675,
      "z" : 18.944271
    }
  }, {
    "shape" : "8131fdeb-fe41-4842-9aa3-aa1b9c4223f9",
    "color" : "#00CCFF",
    "position" : {
      "x" : 30.034441,
      "y" : -141.93614,
      "z" : -25.416409
    },
    "orientation" : 8
  }, {
    "shape" : "713ae92e-46be-4790-95c4-5c243f03076f",
    "color" : "#999999",
    "position" : {
      "x" : 55.45085,
      "y" : -9.472136,
      "z" : -47.978714
    },
    "orientation" : 39
  }, {
    "shape" : "2af7e369-3eed-4c34-b9d6-e8c3be7cb319",
    "color" : "#66FF00",
    "position" : {
      "x" : 6.854102,
      "y" : 0.0,
      "z" : -24.798374
    }
  }, {
    "shape" : "2af7e369-3eed-4c34-b9d6-e8c3be7cb319",
    "color" : "#66FF00",
    "position" : {
      "x" : 95.57546,
      "y" : -79.63119,
      "z" : -100.1935
    }
  }, {
    "shape" : "2af7e369-3eed-4c34-b9d6-e8c3be7cb319",
    "color" : "#FF3366",
    "position" : {
      "x" : 77.63119,
      "y" : -47.978714,
      "z" : -82.24922
    }
  }, {
    "shape" : "8131fdeb-fe41-4842-9aa3-aa1b9c4223f9",
    "color" : "#FFFF00",
    "position" : {
      "x" : -15.326238,
      "y" : -11.09017,
      "z" : 9.472136
    },
    "orientation" : 8
  }, {
    "shape" : "2af7e369-3eed-4c34-b9d6-e8c3be7cb319",
    "color" : "#66FF00",
    "position" : {
      "x" : 40.12461,
      "y" : -45.36068,
      "z" : -59.068882
    }
  }, {
    "shape" : "2af7e369-3eed-4c34-b9d6-e8c3be7cb319",
    "color" : "#FF3366",
    "position" : {
      "x" : 29.034441,
      "y" : -13.708204,
      "z" : -38.506577
    }
  }, {
    "shape" : "ba0431a6-bd02-4680-8197-d4265c2bec71",
    "color" : "#999999",
    "position" : {
      "x" : 78.63119,
      "y" : -126.6099,
      "z" : -69.15905
    },
    "orientation" : 2
  }, {
    "shape" : "2af7e369-3eed-4c34-b9d6-e8c3be7cb319",
    "color" : "#66FF00",
    "position" : {
      "x" : 27.416409,
      "y" : -99.1935,
      "z" : 10.472136
    }
  }, {
    "shape" : "2af7e369-3eed-4c34-b9d6-e8c3be7cb319",
    "color" : "#FF3366",
    "position" : {
      "x" : 5.236068,
      "y" : -60.686916,
      "z" : 17.326239
    }
  }, {
    "shape" : "2af7e369-3eed-4c34-b9d6-e8c3be7cb319",
    "color" : "#66FF00",
    "position" : {
      "x" : 20.562305,
      "y" : -74.39512,
      "z" : -26.416409
    }
  }, {
    "shape" : "2af7e369-3eed-4c34-b9d6-e8c3be7cb319",
    "color" : "#FF3366",
    "position" : {
      "x" : 58.068882,
      "y" : -77.01315,
      "z" : -49.59675
    }
  }, {
    "shape" : "2af7e369-3eed-4c34-b9d6-e8c3be7cb319",
    "color" : "#FF3366",
    "position" : {
      "x" : 55.45085,
      "y" : -34.27051,
      "z" : -54.832817
