{
  "field" : "golden",
  "symmetry" : "icosahedral",
  "orientations" : [ [ 1.0, 0.0, 0.0, 0.0, 0.0, 1.0, 0.0, 0.0, 0.0, 0.0, 1.0, 0.0, 0.0, 0.0, 0.0, 1.0 ], [ 0.0, 0.0, 1.0, 0.0, 1.0, 0.0, 0.0, 0.0, 0.0, 1.0, 0.0, 0.0, 0.0, 0.0, 0.0, 1.0 ], [ 0.0, 1.0, 0.0, 0.0, 0.0, 0.0, 1.0, 0.0, 1.0, 0.0, 0.0, 0.0, 0.0, 0.0, 0.0, 1.0 ], [ 0.809017, 0.309017, 0.5, 0.0, 0.309017, 0.5, -0.809017, 0.0, -0.5, 0.809017, 0.309017, 0.0, 0.0, 0.0, 0.0, 1.0 ], [ -0.5, 0.809017, 0.309017, 0.0, 0.809017, 0.309017, 0.5, 0.0, 0.309017, 0.5, -0.809017, 0.0, 0.0, 0.0, 0.0, 1.0 ], [ 0.309017, 0.5, -0.809017, 0.0, -0.5, 0.809017, 0.309017, 0.0, 0.809017, 0.309017, 0.5, 0.0, 0.0, 0.0, 0.0, 1.0 ], [ 0.5, 0.809017, 0.309017, 0.0, 0.809017, -0.309017, -0.5, 0.0, -0.309017, 0.5, -0.809017, 0.0, 0.0, 0.0, 0.0, 1.0 ], [ -0.309017, 0.5, -0.809017, 0.0, 0.5, 0.809017, 0.309017, 0.0, 0.809017, -0.309017, -0.5, 0.0, 0.0, 0.0, 0.0, 1.0 ], [ 0.809017, -0.309017, -0.5, 0.0, -0.309017, 0.5, -0.809017, 0.0, 0.5, 0.809017, 0.309017, 0.0, 0.0, 0.0, 0.0, 1.0 ], [ 0.5, 0.809017, -0.309017, 0.0, 0.809017, -0.309017, 0.5, 0.0, 0.309017, -0.5, -0.809017, 0.0, 0.0, 0.0, 0.0, 1.0 ], [ 0.309017, -0.5, -0.809017, 0.0, 0.5, 0.809017, -0.309017, 0.0, 0.809017, -0.309017, 0.5, 0.0, 0.0, 0.0, 0.0, 1.0 ], [ 0.809017, -0.309017, 0.5, 0.0, 0.309017, -0.5, -0.809017, 0.0, 0.5, 0.809017, -0.309017, 0.0, 0.0, 0.0, 0.0, 1.0 ], [ 0.809017, 0.309017, -0.5, 0.0, 0.309017, 0.5, 0.809017, 0.0, 0.5, -0.809017, 0.309017, 0.0, 0.0, 0.0, 0.0, 1.0 ], [ 0.5, -0.809017, 0.309017, 0.0, 0.809017, 0.309017, -0.5, 0.0, 0.309017, 0.5, 0.809017, 0.0, 0.0, 0.0, 0.0, 1.0 ], [ 0.309017, 0.5, 0.809017, 0.0, 0.5, -0.809017, 0.309017, 0.0, 0.809017, 0.309017, -0.5, 0.0, 0.0, 0.0, 0.0, 1.0 ], [ 1.0, 0.0, 0.0, 0.0, 0.0, -1.0, 0.0, 0.0, 0.0, 0.0, -1.0, 0.0, 0.0, 0.0, 0.0, 1.0 ], [ 0.0, 0.0, 1.0, 0.0, -1.0, 0.0, 0.0, 0.0, 0.0, -1.0, 0.0, 0.0, 0.0, 0.0, 0.0, 1.0 ], [ 0.0, 1.0, 0.0, 0.0, 0.0, 0.0, -1.0, 0.0, -1.0, 0.0, 0.0, 0.0, 0.0, 0.0, 0.0, 1.0 ], [ 0.809017, 0.309017, 0.5, 0.0, -0.309017, -0.5, 0.809017, 0.0, 0.5, -0.809017, -0.309017, 0.0, 0.0, 0.0, 0.0, 1.0 ], [ -0.5, 0.809017, 0.309017, 0.0, -0.809017, -0.309017, -0.5, 0.0, -0.309017, -0.5, 0.809017, 0.0, 0.0, 0.0, 0.0, 1.0 ], [ 0.309017, 0.5, -0.809017, 0.0, 0.5, -0.809017, -0.309017, 0.0, -0.809017, -0.309017, -0.5, 0.0, 0.0, 0.0, 0.0, 1.0 ], [ 0.5, 0.809017, 0.309017, 0.0, -0.809017, 0.309017, 0.5, 0.0, 0.309017, -0.5, 0.809017, 0.0, 0.0, 0.0, 0.0, 1.0 ], [ -0.309017, 0.5, -0.809017, 0.0, -0.5, -0.809017, -0.309017, 0.0, -0.809017, 0.309017, 0.5, 0.0, 0.0, 0.0, 0.0, 1.0 ], [ 0.809017, -0.309017, -0.5, 0.0, 0.309017, -0.5, 0.809017, 0.0, -0.5, -0.809017, -0.309017, 0.0, 0.0, 0.0, 0.0, 1.0 ], [ 0.5, 0.809017, -0.309017, 0.0, -0.809017, 0.309017, -0.5, 0.0, -0.309017, 0.5, 0.809017, 0.0, 0.0, 0.0, 0.0, 1.0 ], [ 0.309017, -0.5, -0.809017, 0.0, -0.5, -0.809017, 0.309017, 0.0, -0.809017, 0.309017, -0.5, 0.0, 0.0, 0.0, 0.0, 1.0 ], [ 0.809017, -0.309017, 0.5, 0.0, -0.309017, 0.5, 0.809017, 0.0, -0.5, -0.809017, 0.309017, 0.0, 0.0, 0.0, 0.0, 1.0 ], [ 0.809017, 0.309017, -0.5, 0.0, -0.309017, -0.5, -0.809017, 0.0, -0.5, 0.809017, -0.309017, 0.0, 0.0, 0.0, 0.0, 1.0 ], [ 0.5, -0.809017, 0.309017, 0.0, -0.809017, -0.309017, 0.5, 0.0, -0.309017, -0.5, -0.809017, 0.0, 0.0, 0.0, 0.0, 1.0 ], [ 0.309017, 0.5, 0.809017, 0.0, -0.5, 0.809017, -0.309017, 0.0, -0.809017, -0.309017, 0.5, 0.0, 0.0, 0.0, 0.0, 1.0 ], [ -1.0, 0.0, 0.0, 0.0, 0.0, -1.0, 0.0, 0.0, 0.0, 0.0, 1.0, 0.0, 0.0, 0.0, 0.0, 1.0 ], [ 0.0, 0.0, -1.0, 0.0, -1.0, 0.0, 0.0, 0.0, 0.0, 1.0, 0.0, 0.0, 0.0, 0.0, 0.0, 1.0 ], [ 0.0, -1.0, 0.0, 0.0, 0.0, 0.0, -1.0, 0.0, 1.0, 0.0, 0.0, 0.0, 0.0, 0.0, 0.0, 1.0 ], [ -0.809017, -0.309017, -0.5, 0.0, -0.309017, -0.5, 0.809017, 0.0, -0.5, 0.809017, 0.309017, 0.0, 0.0, 0.0, 0.0, 1.0 ], [ 0.5, -0.809017, -0.309017, 0.0, -0.809017, -0.309017, -0.5, 0.0, 0.309017, 0.5, -0.809017, 0.0, 0.0, 0.0, 0.0, 1.0 ], [ -0.309017, -0.5, 0.809017, 0.0, 0.5, -0.809017, -0.309017, 0.0, 0.809017, 0.309017, 0.5, 0.0, 0.0, 0.0, 0.0, 1.0 ], [ -0.5, -0.809017, -0.309017, 0.0, -0.809017, 0.309017, 0.5, 0.0, -0.309017, 0.5, -0.809017, 0.0, 0.0, 0.0, 0.0, 1.0 ], [ 0.309017, -0.5, 0.809017, 0.0, -0.5, -0.809017, -0.309017, 0.0, 0.809017, -0.309017, -0.5, 0.0, 0.0, 0.0, 0.0, 1.0 ], [ -0.809017, 0.309017, 0.5, 0.0, 0.309017, -0.5, 0.809017, 0.0, 0.5, 0.809017, 0.309017, 0.0, 0.0, 0.0, 0.0, 1.0 ], [ -0.5, -0.809017, 0.309017, 0.0, -0.809017, 0.309017, -0.5, 0.0, 0.309017, -0.5, -0.809017, 0.0, 0.0, 0.0, 0.0, 1.0 ], [ -0.309017, 0.5, 0.809017, 0.0, -0.5, -0.809017, 0.309017, 0.0, 0.809017, -0.309017, 0.5, 0.0, 0.0, 0.0, 0.0, 1.0 ], [ -0.809017, 0.309017, -0.5, 0.0, -0.309017, 0.5, 0.809017, 0.0, 0.5, 0.809017, -0.309017, 0.0, 0.0, 0.0, 0.0, 1.0 ], [ -0.809017, -0.309017, 0.5, 0.0, -0.309017, -0.5, -0.809017, 0.0, 0.5, -0.809017, 0.309017, 0.0, 0.0, 0.0, 0.0, 1.0 ], [ -0.5, 0.809017, -0.309017, 0.0, -0.809017, -0.309017, 0.5, 0.0, 0.309017, 0.5, 0.809017, 0.0, 0.0, 0.0, 0.0, 1.0 ], [ -0.309017, -0.5, -0.809017, 0.0, -0.5, 0.809017, -0.309017, 0.0, 0.809017, 0.309017, -0.5, 0.0, 0.0, 0.0, 0.0, 1.0 ], [ -1.0, 0.0, 0.0, 0.0, 0.0, 1.0, 0.0, 0.0, 0.0, 0.0, -1.0, 0.0, 0.0, 0.0, 0.0, 1.0 ], [ 0.0, 0.0, -1.0, 0.0, 1.0, 0.0, 0.0, 0.0, 0.0, -1.0, 0.0, 0.0, 0.0, 0.0, 0.0, 1.0 ], [ 0.0, -1.0, 0.0, 0.0, 0.0, 0.0, 1.0, 0.0, -1.0, 0.0, 0.0, 0.0, 0.0, 0.0, 0.0, 1.0 ], [ -0.809017, -0.309017, -0.5, 0.0, 0.309017, 0.5, -0.809017, 0.0, 0.5, -0.809017, -0.309017, 0.0, 0.0, 0.0, 0.0, 1.0 ], [ 0.5, -0.809017, -0.309017, 0.0, 0.809017, 0.309017, 0.5, 0.0, -0.309017, -0.5, 0.809017, 0.0, 0.0, 0.0, 0.0, 1.0 ], [ -0.309017, -0.5, 0.809017, 0.0, -0.5, 0.809017, 0.309017, 0.0, -0.809017, -0.309017, -0.5, 0.0, 0.0, 0.0, 0.0, 1.0 ], [ -0.5, -0.809017, -0.309017, 0.0, 0.809017, -0.309017, -0.5, 0.0, 0.309017, -0.5, 0.809017, 0.0, 0.0, 0.0, 0.0, 1.0 ], [ 0.309017, -0.5, 0.809017, 0.0, 0.5, 0.809017, 0.309017, 0.0, -0.809017, 0.309017, 0.5, 0.0, 0.0, 0.0, 0.0, 1.0 ], [ -0.809017, 0.309017, 0.5, 0.0, -0.309017, 0.5, -0.809017, 0.0, -0.5, -0.809017, -0.309017, 0.0, 0.0, 0.0, 0.0, 1.0 ], [ -0.5, -0.809017, 0.309017, 0.0, 0.809017, -0.309017, 0.5, 0.0, -0.309017, 0.5, 0.809017, 0.0, 0.0, 0.0, 0.0, 1.0 ], [ -0.309017, 0.5, 0.809017, 0.0, 0.5, 0.809017, -0.309017, 0.0, -0.809017, 0.309017, -0.5, 0.0, 0.0, 0.0, 0.0, 1.0 ], [ -0.809017, 0.309017, -0.5, 0.0, 0.309017, -0.5, -0.809017, 0.0, -0.5, -0.809017, 0.309017, 0.0, 0.0, 0.0, 0.0, 1.0 ], [ -0.809017, -0.309017, 0.5, 0.0, 0.309017, 0.5, 0.809017, 0.0, -0.5, 0.809017, -0.309017, 0.0, 0.0, 0.0, 0.0, 1.0 ], [ -0.5, 0.809017, -0.309017, 0.0, 0.809017, 0.309017, -0.5, 0.0, -0.309017, -0.5, -0.809017, 0.0, 0.0, 0.0, 0.0, 1.0 ], [ -0.309017, -0.5, -0.809017, 0.0, 0.5, -0.809017, 0.309017, 0.0, -0.809017, -0.309017, 0.5, 0.0, 0.0, 0.0, 0.0, 1.0 ] ],
  "lights" : {
    "directionalLights" : [ {
      "direction" : {
        "x" : 1.0,
        "y" : -1.0,
        "z" : -1.0
      },
      "color" : "#EBEBE4"
    }, {
      "direction" : {
        "x" : -1.0,
        "y" : 0.0,
        "z" : 0.0
      },
      "color" : "#E4E4EB"
    }, {
      "direction" : {
        "x" : 0.0,
        "y" : 0.0,
        "z" : -1.0
      },
      "color" : "#1E1E1E"
    } ],
    "backgroundColor" : "#AFC8DC",
    "ambientColor" : "#292929"
  },
  "camera" : {
    "position" : {
      "x" : 248.02919,
      "y" : 269.5404,
      "z" : 35.29915
    },
    "width" : 159.23358,
    "viewDistance" : 353.8522,
    "fieldOfView" : 0.44262913,
    "perspective" : false,
    "farClipDistance" : 707.7038,
    "lookAtPoint" : {
      "x" : 17.944271,
      "y" : 2.927051,
      "z" : 0.809017
    },
    "lookDirection" : {
      "x" : -0.65022886,
      "y" : -0.7534596,
      "z" : -0.09747045
    },
    "upDirection" : {
      "x" : 0.062780134,
      "y" : 0.07456885,
      "z" : -0.9952381
    },
    "stereo" : false,
    "nearClipDistance" : 0.88463104
  },
  "embedding" : [ 1.0, 0.0, 0.0, 0.0, 0.0, 1.0, 0.0, 0.0, 0.0, 0.0, 1.0, 0.0, 0.0, 0.0, 0.0, 1.0 ],
  "shapes" : [ {
    "id" : "0c540afc-2e2a-44ff-bc0e-920d54f70511",
    "vertices" : [ {
      "x" : 0.309017,
      "y" : -0.809017,
      "z" : 0.618034
    }, {
      "x" : 0.809017,
      "y" : -0.618034,
      "z" : 0.309017
    }, {
      "x" : 0.618034,
      "y" : -0.309017,
      "z" : 0.809017
    }, {
      "x" : 1.0,
      "y" : 0.309017,
      "z" : 0.19098301
    }, {
      "x" : 0.809017,
      "y" : 0.618034,
      "z" : 0.309017
    }, {
      "x" : 0.618034,
      "y" : 0.309017,
      "z" : 0.809017
    }, {
      "x" : 0.809017,
      "y" : 0.0,
      "z" : 0.690983
    }, {
      "x" : 0.19098301,
      "y" : -1.0,
      "z" : 0.309017
    }, {
      "x" : -0.19098301,
      "y" : -1.0,
      "z" : 0.309017
    }, {
      "x" : -0.19098301,
      "y" : -1.0,
      "z" : -0.309017
    }, {
      "x" : 0.19098301,
      "y" : -1.0,
      "z" : -0.309017
    }, {
      "x" : 1.0,
      "y" : -0.309017,
      "z" : -0.19098301
    }, {
      "x" : 0.809017,
      "y" : -0.618034,
      "z" : -0.309017
    }, {
      "x" : 0.618034,
      "y" : -0.309017,
      "z" : -0.809017
    }, {
      "x" : 0.809017,
      "y" : 0.0,
      "z" : -0.690983
    }, {
      "x" : 0.0,
      "y" : 0.690983,
      "z" : -0.809017
    }, {
      "x" : 0.309017,
      "y" : 0.809017,
      "z" : -0.618034
    }, {
      "x" : 0.618034,
      "y" : 0.309017,
      "z" : -0.809017
    }, {
      "x" : 0.309017,
      "y" : 0.19098301,
      "z" : -1.0
    }, {
      "x" : 1.0,
      "y" : 0.309017,
      "z" : -0.19098301
    }, {
      "x" : -0.309017,
      "y" : -0.809017,
      "z" : 0.618034
    }, {
      "x" : 0.0,
      "y" : -0.690983,
      "z" : 0.809017
    }, {
      "x" : 0.809017,
      "y" : 0.618034,
      "z" : -0.309017
    }, {
      "x" : 0.690983,
      "y" : 0.809017,
      "z" : 0.0
    }, {
      "x" : -0.690983,
      "y" : 0.809017,
      "z" : 0.0
    }, {
      "x" : -0.809017,
      "y" : 0.618034,
      "z" : 0.309017
    }, {
      "x" : -0.309017,
      "y" : 0.809017,
      "z" : 0.618034
    }, {
      "x" : -0.19098301,
      "y" : 1.0,
      "z" : 0.309017
    }, {
      "x" : 0.309017,
      "y" : -0.19098301,
      "z" : -1.0
    }, {
      "x" : 0.19098301,
      "y" : 1.0,
      "z" : 0.309017
    }, {
      "x" : 0.309017,
      "y" : 0.809017,
      "z" : 0.618034
    }, {
      "x" : -0.809017,
      "y" : -0.618034,
      "z" : 0.309017
    }, {
      "x" : -0.690983,
      "y" : -0.809017,
      "z" : 0.0
    }, {
      "x" : 0.0,
      "y" : 0.690983,
      "z" : 0.809017
    }, {
      "x" : 0.309017,
      "y" : -0.809017,
      "z" : -0.618034
    }, {
      "x" : 0.0,
      "y" : -0.690983,
      "z" : -0.809017
    }, {
      "x" : -1.0,
      "y" : 0.309017,
      "z" : 0.19098301
    }, {
      "x" : -0.809017,
      "y" : 0.0,
      "z" : 0.690983
    }, {
      "x" : -0.618034,
      "y" : 0.309017,
      "z" : 0.809017
    }, {
      "x" : 1.0,
      "y" : -0.309017,
      "z" : 0.19098301
    }, {
      "x" : -0.309017,
      "y" : -0.809017,
      "z" : -0.618034
    }, {
      "x" : -1.0,
      "y" : 0.309017,
      "z" : -0.19098301
    }, {
      "x" : -1.0,
      "y" : -0.309017,
      "z" : -0.19098301
    }, {
      "x" : -1.0,
      "y" : -0.309017,
      "z" : 0.19098301
    }, {
      "x" : 0.19098301,
      "y" : 1.0,
      "z" : -0.309017
    }, {
      "x" : -0.809017,
      "y" : 0.618034,
      "z" : -0.309017
    }, {
      "x" : -0.19098301,
      "y" : 1.0,
      "z" : -0.309017
    }, {
      "x" : -0.309017,
      "y" : 0.809017,
      "z" : -0.618034
    }, {
      "x" : -0.618034,
      "y" : -0.309017,
      "z" : 0.809017
    }, {
      "x" : 0.309017,
      "y" : 0.19098301,
      "z" : 1.0
    }, {
      "x" : -0.309017,
      "y" : 0.19098301,
      "z" : -1.0
    }, {
      "x" : -0.309017,
      "y" : 0.19098301,
      "z" : 1.0
    }, {
      "x" : -0.309017,
      "y" : -0.19098301,
      "z" : 1.0
    }, {
      "x" : 0.309017,
      "y" : -0.19098301,
      "z" : 1.0
    }, {
      "x" : 0.690983,
      "y" : -0.809017,
      "z" : 0.0
    }, {
      "x" : -0.809017,
      "y" : 0.0,
      "z" : -0.690983
    }, {
      "x" : -0.618034,
      "y" : -0.309017,
      "z" : -0.809017
    }, {
      "x" : -0.309017,
      "y" : -0.19098301,
      "z" : -1.0
    }, {
      "x" : -0.618034,
      "y" : 0.309017,
      "z" : -0.809017
    }, {
      "x" : -0.809017,
      "y" : -0.618034,
      "z" : -0.309017
    } ],
    "faces" : [ {
      "vertices" : [ 9, 40, 35 ]
    }, {
      "vertices" : [ 9, 35, 34 ]
    }, {
      "vertices" : [ 9, 34, 10 ]
    }, {
      "vertices" : [ 0, 1, 2 ]
    }, {
      "vertices" : [ 33, 51, 49 ]
    }, {
      "vertices" : [ 25, 36, 37 ]
    }, {
      "vertices" : [ 25, 37, 38 ]
    }, {
      "vertices" : [ 41, 55, 42 ]
    }, {
      "vertices" : [ 9, 32, 59 ]
    }, {
      "vertices" : [ 9, 59, 40 ]
    }, {
      "vertices" : [ 20, 21, 52 ]
    }, {
      "vertices" : [ 20, 52, 48 ]
    }, {
      "vertices" : [ 26, 33, 30 ]
    }, {
      "vertices" : [ 26, 30, 29 ]
    }, {
      "vertices" : [ 26, 29, 27 ]
    }, {
      "vertices" : [ 3, 4, 5 ]
    }, {
      "vertices" : [ 3, 5, 6 ]
    }, {
      "vertices" : [ 27, 29, 44 ]
    }, {
      "vertices" : [ 27, 44, 46 ]
    }, {
      "vertices" : [ 50, 57, 56 ]
    }, {
      "vertices" : [ 50, 56, 55 ]
    }, {
      "vertices" : [ 50, 55, 58 ]
    }, {
      "vertices" : [ 26, 38, 51 ]
    }, {
      "vertices" : [ 26, 51, 33 ]
    }, {
      "vertices" : [ 45, 47, 58 ]
    }, {
      "vertices" : [ 18, 28, 57 ]
    }, {
      "vertices" : [ 18, 57, 50 ]
    }, {
      "vertices" : [ 40, 59, 56 ]
    }, {
      "vertices" : [ 31, 48, 37 ]
    }, {
      "vertices" : [ 31, 37, 43 ]
    }, {
      "vertices" : [ 7, 8, 9 ]
    }, {
      "vertices" : [ 7, 9, 10 ]
    }, {
      "vertices" : [ 36, 41, 42 ]
    }, {
      "vertices" : [ 36, 42, 43 ]
    }, {
      "vertices" : [ 24, 46, 47 ]
    }, {
      "vertices" : [ 24, 47, 45 ]
    }, {
      "vertices" : [ 4, 30, 5 ]
    }, {
      "vertices" : [ 15, 47, 46 ]
    }, {
      "vertices" : [ 15, 46, 44 ]
    }, {
      "vertices" : [ 15, 44, 16 ]
    }, {
      "vertices" : [ 15, 50, 58 ]
    }, {
      "vertices" : [ 15, 58, 47 ]
    }, {
      "vertices" : [ 24, 45, 41 ]
    }, {
      "vertices" : [ 24, 41, 36 ]
    }, {
      "vertices" : [ 24, 36, 25 ]
    }, {
      "vertices" : [ 11, 14, 19 ]
    }, {
      "vertices" : [ 3, 6, 39 ]
    }, {
      "vertices" : [ 1, 39, 6 ]
    }, {
      "vertices" : [ 1, 6, 2 ]
    }, {
      "vertices" : [ 8, 32, 9 ]
    }, {
      "vertices" : [ 11, 12, 13 ]
    }, {
      "vertices" : [ 11, 13, 14 ]
    }, {
      "vertices" : [ 16, 22, 17 ]
    }, {
      "vertices" : [ 0, 21, 20 ]
    }, {
      "vertices" : [ 0, 20, 8 ]
    }, {
      "vertices" : [ 0, 8, 7 ]
    }, {
      "vertices" : [ 12, 34, 13 ]
    }, {
      "vertices" : [ 35, 40, 56 ]
    }, {
      "vertices" : [ 35, 56, 57 ]
    }, {
      "vertices" : [ 0, 7, 54 ]
    }, {
      "vertices" : [ 0, 54, 1 ]
    }, {
      "vertices" : [ 15, 16, 17 ]
    }, {
      "vertices" : [ 15, 17, 18 ]
    }, {
      "vertices" : [ 3, 19, 22 ]
    }, {
      "vertices" : [ 3, 22, 23 ]
    }, {
      "vertices" : [ 3, 23, 4 ]
    }, {
      "vertices" : [ 7, 10, 54 ]
    }, {
      "vertices" : [ 41, 45, 58 ]
    }, {
      "vertices" : [ 41, 58, 55 ]
    }, {
      "vertices" : [ 3, 39, 11 ]
    }, {
      "vertices" : [ 3, 11, 19 ]
    }, {
      "vertices" : [ 14, 17, 22 ]
    }, {
      "vertices" : [ 14, 22, 19 ]
    }, {
      "vertices" : [ 0, 2, 53 ]
    }, {
      "vertices" : [ 0, 53, 21 ]
    }, {
      "vertices" : [ 49, 51, 52 ]
    }, {
      "vertices" : [ 49, 52, 53 ]
    }, {
      "vertices" : [ 31, 43, 42 ]
    }, {
      "vertices" : [ 31, 42, 59 ]
    }, {
      "vertices" : [ 31, 59, 32 ]
    }, {
      "vertices" : [ 15, 18, 50 ]
    }, {
      "vertices" : [ 42, 55, 56 ]
    }, {
      "vertices" : [ 42, 56, 59 ]
    }, {
      "vertices" : [ 4, 23, 29 ]
    }, {
      "vertices" : [ 4, 29, 30 ]
    }, {
      "vertices" : [ 25, 38, 26 ]
    }, {
      "vertices" : [ 13, 28, 18 ]
    }, {
      "vertices" : [ 13, 18, 17 ]
    }, {
      "vertices" : [ 13, 17, 14 ]
    }, {
      "vertices" : [ 8, 20, 31 ]
    }, {
      "vertices" : [ 8, 31, 32 ]
    }, {
      "vertices" : [ 23, 44, 29 ]
    }, {
      "vertices" : [ 24, 27, 46 ]
    }, {
      "vertices" : [ 37, 48, 52 ]
    }, {
      "vertices" : [ 37, 52, 51 ]
    }, {
      "vertices" : [ 37, 51, 38 ]
    }, {
      "vertices" : [ 20, 48, 31 ]
    }, {
      "vertices" : [ 24, 25, 26 ]
    }, {
      "vertices" : [ 24, 26, 27 ]
    }, {
      "vertices" : [ 16, 44, 23 ]
    }, {
      "vertices" : [ 16, 23, 22 ]
    }, {
      "vertices" : [ 13, 34, 35 ]
    }, {
      "vertices" : [ 13, 35, 28 ]
    }, {
      "vertices" : [ 10, 34, 12 ]
    }, {
      "vertices" : [ 10, 12, 54 ]
    }, {
      "vertices" : [ 2, 6, 5 ]
    }, {
      "vertices" : [ 2, 5, 49 ]
    }, {
      "vertices" : [ 2, 49, 53 ]
    }, {
      "vertices" : [ 36, 43, 37 ]
    }, {
      "vertices" : [ 5, 30, 33 ]
    }, {
      "vertices" : [ 5, 33, 49 ]
    }, {
      "vertices" : [ 1, 54, 12 ]
    }, {
      "vertices" : [ 1, 12, 11 ]
    }, {
      "vertices" : [ 1, 11, 39 ]
    }, {
      "vertices" : [ 28, 35, 57 ]
    }, {
      "vertices" : [ 21, 53, 52 ]
    } ]
  }, {
    "id" : "c1498069-f51d-48f0-8a6f-c6c9b3723d73",
    "vertices" : [ {
      "x" : 12.708204,
      "y" : 0.309017,
      "z" : 0.19098301
    }, {
      "x" : 12.708204,
      "y" : 0.309017,
      "z" : -0.19098301
    }, {
      "x" : 1.0,
      "y" : 0.309017,
      "z" : -0.19098301
    }, {
      "x" : 1.0,
      "y" : 0.309017,
      "z" : 0.19098301
    }, {
      "x" : 12.708204,
      "y" : -0.309017,
      "z" : 0.19098301
    }, {
      "x" : 1.0,
      "y" : -0.309017,
      "z" : 0.19098301
    }, {
      "x" : 1.0,
      "y" : -0.309017,
      "z" : -0.19098301
    }, {
      "x" : 12.708204,
      "y" : -0.309017,
      "z" : -0.19098301
    }, {
      "x" : 13.708204,
      "y" : 0.0,
      "z" : 0.0
    } ],
    "faces" : [ {
      "vertices" : [ 1, 7, 6 ]
    }, {
      "vertices" : [ 1, 6, 2 ]
    }, {
      "vertices" : [ 0, 1, 2 ]
    }, {
      "vertices" : [ 0, 2, 3 ]
    }, {
      "vertices" : [ 4, 5, 6 ]
    }, {
      "vertices" : [ 4, 6, 7 ]
    }, {
      "vertices" : [ 0, 3, 5 ]
    }, {
      "vertices" : [ 0, 5, 4 ]
    } ]
  }, {
    "id" : "bcdff6b3-3041-4808-9f5a-1cff6c5261ff",
    "vertices" : [ {
      "x" : 7.472136,
      "y" : 0.309017,
      "z" : 0.19098301
    }, {
      "x" : 7.472136,
      "y" : 0.309017,
      "z" : -0.19098301
    }, {
      "x" : 1.0,
      "y" : 0.309017,
      "z" : -0.19098301
    }, {
      "x" : 1.0,
      "y" : 0.309017,
      "z" : 0.19098301
    }, {
      "x" : 7.472136,
      "y" : -0.309017,
      "z" : 0.19098301
    }, {
      "x" : 1.0,
      "y" : -0.309017,
      "z" : 0.19098301
    }, {
      "x" : 1.0,
      "y" : -0.309017,
      "z" : -0.19098301
    }, {
      "x" : 7.472136,
      "y" : -0.309017,
      "z" : -0.19098301
    }, {
      "x" : 8.472136,
      "y" : 0.0,
      "z" : 0.0
    } ],
    "faces" : [ {
      "vertices" : [ 1, 7, 6 ]
    }, {
      "vertices" : [ 1, 6, 2 ]
    }, {
      "vertices" : [ 0, 1, 2 ]
    }, {
      "vertices" : [ 0, 2, 3 ]
    }, {
      "vertices" : [ 4, 5, 6 ]
    }, {
      "vertices" : [ 4, 6, 7 ]
    }, {
      "vertices" : [ 0, 3, 5 ]
    }, {
      "vertices" : [ 0, 5, 4 ]
    } ]
  }, {
    "id" : "adb82893-e276-4184-b940-bc171dc964ca",
    "vertices" : [ {
      "x" : 0.809017,
      "y" : 0.0,
      "z" : -0.690983
    }, {
      "x" : 1.0,
      "y" : 0.309017,
      "z" : -0.19098301
    }, {
      "x" : 2.618034,
      "y" : 0.309017,
      "z" : -0.809017
    }, {
      "x" : 2.427051,
      "y" : 0.0,
      "z" : -1.309017
    }, {
      "x" : 5.854102,
      "y" : 0.309017,
      "z" : -2.427051
    }, {
      "x" : 1.0,
      "y" : -0.309017,
      "z" : -0.19098301
    }, {
      "x" : 2.618034,
      "y" : -0.309017,
      "z" : -0.809017
    }, {
      "x" : 4.236068,
      "y" : 0.309017,
      "z" : -1.809017
    }, {
      "x" : 4.427051,
      "y" : 0.0,
      "z" : -1.309017
    }, {
      "x" : 6.854102,
      "y" : 0.0,
      "z" : -2.618034
    }, {
      "x" : 4.236068,
      "y" : -0.309017,
      "z" : -1.809017
    }, {
      "x" : 6.045085,
      "y" : 0.0,
      "z" : -1.927051
    }, {
      "x" : 5.854102,
      "y" : -0.309017,
      "z" : -2.427051
    } ],
    "faces" : [ {
      "vertices" : [ 2, 6, 8 ]
    }, {
      "vertices" : [ 4, 12, 10 ]
    }, {
      "vertices" : [ 4, 10, 7 ]
    }, {
      "vertices" : [ 2, 8, 7 ]
    }, {
      "vertices" : [ 3, 10, 6 ]
    }, {
      "vertices" : [ 3, 7, 10 ]
    }, {
      "vertices" : [ 0, 1, 2 ]
    }, {
      "vertices" : [ 0, 2, 3 ]
    }, {
      "vertices" : [ 6, 10, 8 ]
    }, {
      "vertices" : [ 8, 10, 12 ]
    }, {
      "vertices" : [ 8, 12, 11 ]
    }, {
      "vertices" : [ 2, 7, 3 ]
    }, {
      "vertices" : [ 0, 3, 6 ]
    }, {
      "vertices" : [ 0, 6, 5 ]
    }, {
      "vertices" : [ 1, 5, 6 ]
    }, {
      "vertices" : [ 1, 6, 2 ]
    }, {
      "vertices" : [ 4, 7, 8 ]
    }, {
      "vertices" : [ 4, 8, 11 ]
    } ]
  }, {
    "id" : "388f49e8-6b46-400c-8d21-49cbf6b4bbd8",
    "vertices" : [ {
      "x" : 21.18034,
      "y" : 0.309017,
      "z" : 0.19098301
    }, {
      "x" : 21.18034,
      "y" : 0.309017,
      "z" : -0.19098301
    }, {
      "x" : 1.0,
      "y" : 0.309017,
      "z" : -0.19098301
    }, {
      "x" : 1.0,
      "y" : 0.309017,
      "z" : 0.19098301
    }, {
      "x" : 21.18034,
      "y" : -0.309017,
      "z" : 0.19098301
    }, {
      "x" : 1.0,
      "y" : -0.309017,
      "z" : 0.19098301
    }, {
      "x" : 1.0,
      "y" : -0.309017,
      "z" : -0.19098301
    }, {
      "x" : 21.18034,
      "y" : -0.309017,
      "z" : -0.19098301
    }, {
      "x" : 22.18034,
      "y" : 0.0,
      "z" : 0.0
    } ],
    "faces" : [ {
      "vertices" : [ 1, 7, 6 ]
    }, {
      "vertices" : [ 1, 6, 2 ]
    }, {
      "vertices" : [ 0, 1, 2 ]
    }, {
      "vertices" : [ 0, 2, 3 ]
    }, {
      "vertices" : [ 4, 5, 6 ]
    }, {
      "vertices" : [ 4, 6, 7 ]
    }, {
      "vertices" : [ 0, 3, 5 ]
    }, {
      "vertices" : [ 0, 5, 4 ]
    } ]
  } ],
  "instances" : [ {
    "shape" : "0c540afc-2e2a-44ff-bc0e-920d54f70511",
    "color" : "#FFFFFF",
    "position" : {
      "x" : 71.777084,
      "y" : 14.326238,
      "z" : 10.09017
    }
  }, {
    "shape" : "0c540afc-2e2a-44ff-bc0e-920d54f70511",
    "color" : "#FFFFFF",
    "position" : {
      "x" : 32.652477,
      "y" : 24.798374,
      "z" : 56.45085
    }
  }, {
    "shape" : "c1498069-f51d-48f0-8a6f-c6c9b3723d73",
    "color" : "#007695",
    "position" : {
      "x" : -16.944271,
      "y" : 5.236068,
      "z" : 41.12461
    },
    "orientation" : 40
  }, {
    "shape" : "c1498069-f51d-48f0-8a6f-c6c9b3723d73",
    "color" : "#007695",
    "position" : {
      "x" : 45.36068,
      "y" : -19.944271,
      "z" : 29.652475
    },
    "orientation" : 52
  }, {
    "shape" : "0c540afc-2e2a-44ff-bc0e-920d54f70511",
    "color" : "#FFFFFF",
    "position" : {
      "x" : 62.30495,
      "y" : 10.09017,
      "z" : -7.854102
    }
  }, {
    "shape" : "0c540afc-2e2a-44ff-bc0e-920d54f70511",
    "color" : "#FFFFFF",
    "position" : {
      "x" : 58.068882,
      "y" : 3.236068,
      "z" : 3.236068
    }
  }, {
    "shape" : "c1498069-f51d-48f0-8a6f-c6c9b3723d73",
    "color" : "#007695",
    "position" : {
      "x" : 63.30495,
      "y" : 0.618034,
      "z" : 32.27051
    },
    "orientation" : 52
  }, {
    "shape" : "0c540afc-2e2a-44ff-bc0e-920d54f70511",
    "color" : "#FFFFFF",
    "position" : {
      "x" : 58.068882,
      "y" : 16.944271,
      "z" : -5.236068
    }
  }, {
    "shape" : "0c540afc-2e2a-44ff-bc0e-920d54f70511",
    "color" : "#FFFFFF",
    "position" : {
      "x" : 63.30495,
      "y" : 35.888542,
      "z" : 35.888542
    }
  }, {
    "shape" : "0c540afc-2e2a-44ff-bc0e-920d54f70511",
    "color" : "#FFFFFF",
    "position" : {
      "x" : 40.12461,
      "y" : -1.0,
      "z" : -1.0
    }
  }, {
    "shape" : "0c540afc-2e2a-44ff-bc0e-920d54f70511",
    "color" : "#FFFFFF",
    "position" : {
      "x" : 13.708204,
      "y" : 13.708204,
      "z" : 13.708204
    }
  }, {
    "shape" : "bcdff6b3-3041-4808-9f5a-1cff6c5261ff",
    "color" : "#007695",
    "position" : {
      "x" : 9.472136,
      "y" : 4.236068,
      "z" : 17.944271
    },
    "orientation" : 24
  }, {
    "shape" : "c1498069-f51d-48f0-8a6f-c6c9b3723d73",
    "color" : "#007695",
    "position" : {
      "x" : 54.832817,
      "y" : 19.562305,
      "z" : 51.214783
    },
    "orientation" : 52
  }, {
    "shape" : "0c540afc-2e2a-44ff-bc0e-920d54f70511",
    "color" : "#FFFFFF",
    "position" : {
      "x" : 36.888542,
      "y" : 31.652475,
      "z" : 45.36068
    }
  }, {
    "shape" : "0c540afc-2e2a-44ff-bc0e-920d54f70511",
    "color" : "#FFFFFF",
    "position" : {
      "x" : 32.652477,
      "y" : 27.416409,
      "z" : 63.30495
    }
  }, {
    "shape" : "c1498069-f51d-48f0-8a6f-c6c9b3723d73",
    "color" : "#007695",
    "position" : {
      "x" : 49.59675,
      "y" : 22.18034,
      "z" : 22.18034
    },
    "orientation" : 52
  }, {
    "shape" : "c1498069-f51d-48f0-8a6f-c6c9b3723d73",
    "color" : "#007695",
    "position" : {
      "x" : -8.472136,
      "y" : -16.326239,
      "z" : 15.326238
    },
    "orientation" : 52
  }, {
    "shape" : "0c540afc-2e2a-44ff-bc0e-920d54f70511",
    "color" : "#FFFFFF",
    "position" : {
      "x" : 13.708204,
      "y" : 27.416409,
      "z" : 5.236068
    }
  }, {
    "shape" : "adb82893-e276-4184-b940-bc171dc964ca",
    "color" : "#F0A000",
    "position" : {
      "x" : 13.708204,
      "y" : -2.618034,
      "z" : 15.326238
    },
    "orientation" : 22
  }, {
    "shape" : "0c540afc-2e2a-44ff-bc0e-920d54f70511",
    "color" : "#FFFFFF",
    "position" : {
      "x" : 13.708204,
      "y" : -5.236068,
      "z" : 8.472136
    }
  }, {
    "shape" : "0c540afc-2e2a-44ff-bc0e-920d54f70511",
    "color" : "#FFFFFF",
    "position" : {
      "x" : 5.236068,
      "y" : -2.618034,
      "z" : 29.034441
    }
  }, {
    "shape" : "0c540afc-2e2a-44ff-bc0e-920d54f70511",
    "color" : "#FFFFFF",
    "position" : {
      "x" : 5.236068,
      "y" : 13.708204,
      "z" : 27.416409
    }
  }, {
    "shape" : "0c540afc-2e2a-44ff-bc0e-920d54f70511",
    "color" : "#FFFFFF",
    "position" : {
      "x" : -3.236068,
      "y" : 16.326239,
      "z" : 47.978714
    }
  }, {
    "shape" : "bcdff6b3-3041-4808-9f5a-1cff6c5261ff",
    "color" : "#007695",
    "position" : {
      "x" : -8.472136,
      "y" : -13.708204,
      "z" : 22.18034
    },
    "orientation" : 51
  }, {
    "shape" : "adb82893-e276-4184-b940-bc171dc964ca",
    "color" : "#F0A000",
    "position" : {
      "x" : 63.30495,
      "y" : 33.27051,
      "z" : 29.034441
    },
    "orientation" : 7
  }, {
    "shape" : "0c540afc-2e2a-44ff-bc0e-920d54f70511",
    "color" : "#FFFFFF",
    "position" : {
      "x" : 17.944271,
      "y" : 17.944271,
      "z" : -4.236068
    }
  }, {
    "shape" : "388f49e8-6b46-400c-8d21-49cbf6b4bbd8",
    "color" : "#007695",
    "position" : {
      "x" : 49.59675,
      "y" : 19.562305,
      "z" : 15.326238
    },
    "orientation" : 11
  }, {
    "shape" : "adb82893-e276-4184-b940-bc171dc964ca",
    "color" : "#F0A000",
    "position" : {
      "x" : 0.0,
      "y" : 0.0,
      "z" : 0.0
    },
    "orientation" : 22
  }, {
    "shape" : "0c540afc-2e2a-44ff-bc0e-920d54f70511",
    "color" : "#FFFFFF",
    "position" : {
      "x" : 31.652475,
      "y" : 17.944271,
      "z" : 17.944271
    }
  }, {
    "shape" : "adb82893-e276-4184-b940-bc171dc964ca",
    "color" : "#F0A000",
    "position" : {
      "x" : 17.944271,
      "y" : 20.562305,
      "z" : 2.618034
    },
    "orientation" : 22
  }, {
    "shape" : "c1498069-f51d-48f0-8a6f-c6c9b3723d73",
    "color" : "#007695",
    "position" : {
      "x" : -8.472136,
      "y" : -13.708204,
      "z" : 22.18034
    },
    "orientation" : 40
  }, {
    "shape" : "0c540afc-2e2a-44ff-bc0e-920d54f70511",
    "color" : "#FFFFFF",
    "position" : {
      "x" : -12.708204,
      "y" : -4.236068,
      "z" : 31.652475
    }
  }, {
    "shape" : "388f49e8-6b46-400c-8d21-49cbf6b4bbd8",
    "color" : "#007695",
    "position" : {
      "x" : 31.652475,
      "y" : -17.326239,
      "z" : 14.326238
    },
    "orientation" : 11
  }, {
    "shape" : "bcdff6b3-3041-4808-9f5a-1cff6c5261ff",
    "color" : "#007695",
    "position" : {
      "x" : 26.416409,
      "y" : 1.618034,
      "z" : -16.326239
    },
    "orientation" : 51
  }, {
    "shape" : "c1498069-f51d-48f0-8a6f-c6c9b3723d73",
    "color" : "#007695",
    "position" : {
      "x" : 5.236068,
      "y" : 32.652477,
      "z" : 32.652477
    },
    "orientation" : 52
  }, {
    "shape" : "0c540afc-2e2a-44ff-bc0e-920d54f70511",
    "color" : "#FFFFFF",
    "position" : {
      "x" : -16.944271,
      "y" : 5.236068,
      "z" : 41.12461
    }
  }, {
    "shape" : "bcdff6b3-3041-4808-9f5a-1cff6c5261ff",
    "color" : "#007695",
    "position" : {
      "x" : 36.888542,
      "y" : -1.0,
      "z" : 48.59675
    },
    "orientation" : 24
  }, {
    "shape" : "0c540afc-2e2a-44ff-bc0e-920d54f70511",
    "color" : "#FFFFFF",
    "position" : {
      "x" : 31.652475,
      "y" : 31.652475,
      "z" : 9.472136
    }
  }, {
    "shape" : "adb82893-e276-4184-b940-bc171dc964ca",
    "color" : "#F0A000",
    "position" : {
      "x" : 1.0,
      "y" : 25.798374,
      "z" : 43.742645
    },
    "orientation" : 22
  }, {
    "shape" : "388f49e8-6b46-400c-8d21-49cbf6b4bbd8",
    "color" : "#007695",
    "position" : {
      "x" : 13.708204,
      "y" : -5.236068,
      "z" : 8.472136
    },
    "orientation" : 11
  }, {
    "shape" : "388f49e8-6b46-400c-8d21-49cbf6b4bbd8",
    "color" : "#007695",
    "position" : {
      "x" : 5.236068,
      "y" : -2.618034,
      "z" : 29.034441
    },
    "orientation" : 11
  }, {
    "shape" : "0c540afc-2e2a-44ff-bc0e-920d54f70511",
    "color" : "#FFFFFF",
    "position" : {
      "x" : 27.416409,
      "y" : -5.236068,
      "z" : 30.652475
    }
  }, {
    "shape" : "bcdff6b3-3041-4808-9f5a-1cff6c5261ff",
    "color" : "#007695",
    "position" : {
      "x" : -7.472136,
      "y" : 9.472136,
      "z" : 59.068882
    },
    "orientation" : 24
  }, {
    "shape" : "adb82893-e276-4184-b940-bc171dc964ca",
    "color" : "#F0A000",
    "position" : {
      "x" : 14.708204,
      "y" : 6.854102,
      "z" : 60.686916
    },
    "orientation" : 22
  }, {
    "shape" : "adb82893-e276-4184-b940-bc171dc964ca",
    "color" : "#F0A000",
    "position" : {
      "x" : 53.832817,
      "y" : 29.034441,
      "z" : 11.09017
    },
    "orientation" : 22
  }, {
    "shape" : "bcdff6b3-3041-4808-9f5a-1cff6c5261ff",
    "color" : "#007695",
    "position" : {
      "x" : -8.472136,
      "y" : -16.326239,
      "z" : 15.326238
    },
    "orientation" : 24
  }, {
    "shape" : "0c540afc-2e2a-44ff-bc0e-920d54f70511",
    "color" : "#FFFFFF",
    "position" : {
      "x" : 53.832817,
      "y" : 29.034441,
      "z" : 11.09017
    }
  }, {
    "shape" : "bcdff6b3-3041-4808-9f5a-1cff6c5261ff",
    "color" : "#007695",
    "position" : {
      "x" : 41.12461,
      "y" : -10.472136,
      "z" : 39.12461
    },
    "orientation" : 24
  }, {
    "shape" : "0c540afc-2e2a-44ff-bc0e-920d54f70511",
    "color" : "#FFFFFF",
    "position" : {
      "x" : -3.236068,
      "y" : 2.618034,
      "z" : 56.45085
    }
  }, {
    "shape" : "0c540afc-2e2a-44ff-bc0e-920d54f70511",
    "color" : "#FFFFFF",
    "position" : {
      "x" : -8.472136,
      "y" : -13.708204,
      "z" : 22.18034
    }
  }, {
    "shape" : "bcdff6b3-3041-4808-9f5a-1cff6c5261ff",
    "color" : "#007695",
    "position" : {
      "x" : 27.416409,
      "y" : -5.236068,
      "z" : 30.652475
    },
    "orientation" : 51
  }, {
    "shape" : "adb82893-e276-4184-b940-bc171dc964ca",
    "color" : "#F0A000",
    "position" : {
      "x" : 17.944271,
      "y" : -12.09017,
      "z" : 5.854102
    },
    "orientation" : 22
  }, {
    "shape" : "adb82893-e276-4184-b940-bc171dc964ca",
    "color" : "#F0A000",
    "position" : {
      "x" : 1.0,
      "y" : -6.854102,
      "z" : 46.978714
    },
    "orientation" : 22
  }, {
    "shape" : "0c540afc-2e2a-44ff-bc0e-920d54f70511",
    "color" : "#FFFFFF",
    "position" : {
      "x" : -12.708204,
      "y" : 25.798374,
      "z" : 21.562305
    }
  }, {
    "shape" : "0c540afc-2e2a-44ff-bc0e-920d54f70511",
    "color" : "#FFFFFF",
    "position" : {
      "x" : 13.708204,
      "y" : 11.09017,
      "z" : 6.854102
    }
  }, {
    "shape" : "0c540afc-2e2a-44ff-bc0e-920d54f70511",
    "color" : "#FFFFFF",
    "position" : {
      "x" : 5.236068,
      "y" : 0.0,
      "z" : 35.888542
    }
  }, {
    "shape" : "bcdff6b3-3041-4808-9f5a-1cff6c5261ff",
    "color" : "#007695",
    "position" : {
      "x" : 62.30495,
      "y" : 10.09017,
      "z" : -7.854102
    },
    "orientation" : 51
  }, {
    "shape" : "adb82893-e276-4184-b940-bc171dc964ca",
    "color" : "#F0A000",
    "position" : {
      "x" : 5.236068,
      "y" : 32.652477,
      "z" : 32.652477
    },
    "orientation" : 22
  }, {
    "shape" : "0c540afc-2e2a-44ff-bc0e-920d54f70511",
    "color" : "#FFFFFF",
    "position" : {
      "x" : 4.236068,
      "y" : 4.236068,
      "z" : -17.944271
    }
  }, {
    "shape" : "adb82893-e276-4184-b940-bc171dc964ca",
    "color" : "#F0A000",
    "position" : {
      "x" : -21.18034,
      "y" : -1.618034,
      "z" : 52.214783
    },
    "orientation" : 22
  }, {
    "shape" : "0c540afc-2e2a-44ff-bc0e-920d54f70511",
    "color" : "#FFFFFF",
    "position" : {
      "x" : 14.708204,
      "y" : 23.18034,
      "z" : 59.068882
    }
  }, {
    "shape" : "c1498069-f51d-48f0-8a6f-c6c9b3723d73",
    "color" : "#007695",
    "position" : {
      "x" : 41.12461,
      "y" : 8.472136,
      "z" : 44.36068
    },
    "orientation" : 52
  }, {
    "shape" : "388f49e8-6b46-400c-8d21-49cbf6b4bbd8",
    "color" : "#007695",
    "position" : {
      "x" : -12.708204,
      "y" : -6.854102,
      "z" : 24.798374
    },
    "orientation" : 11
  }, {
    "shape" : "0c540afc-2e2a-44ff-bc0e-920d54f70511",
    "color" : "#FFFFFF",
    "position" : {
      "x" : 9.472136,
      "y" : -28.416409,
      "z" : 21.18034
    }
  }, {
    "shape" : "c1498069-f51d-48f0-8a6f-c6c9b3723d73",
    "color" : "#007695",
    "position" : {
      "x" : -8.472136,
      "y" : 16.326239,
      "z" : 12.09017
    },
    "orientation" : 52
  }, {
    "shape" : "c1498069-f51d-48f0-8a6f-c6c9b3723d73",
    "color" : "#007695",
    "position" : {
      "x" : -3.236068,
      "y" : 16.326239,
      "z" : 47.978714
    },
    "orientation" : 40
  }, {
    "shape" : "0c540afc-2e2a-44ff-bc0e-920d54f70511",
    "color" : "#FFFFFF",
    "position" : {
      "x" : 27.416409,
      "y" : 24.798374,
      "z" : 20.562305
    }
  }, {
    "shape" : "bcdff6b3-3041-4808-9f5a-1cff6c5261ff",
    "color" : "#007695",
    "position" : {
      "x" : -16.944271,
      "y" : 2.618034,
      "z" : 34.27051
    },
    "orientation" : 24
  }, {
    "shape" : "adb82893-e276-4184-b940-bc171dc964ca",
    "color" : "#F0A000",
    "position" : {
      "x" : 49.59675,
      "y" : -13.09017,
      "z" : 18.562305
    },
    "orientation" : 7
  }, {
    "shape" : "adb82893-e276-4184-b940-bc171dc964ca",
    "color" : "#F0A000",
    "position" : {
      "x" : 67.54102,
      "y" : 26.416409,
      "z" : 26.416409
    },
    "orientation" : 22
  }, {
    "shape" : "388f49e8-6b46-400c-8d21-49cbf6b4bbd8",
    "color" : "#007695",
    "position" : {
      "x" : 49.59675,
      "y" : 35.888542,
      "z" : 13.708204
    },
    "orientation" : 11
  }, {
    "shape" : "0c540afc-2e2a-44ff-bc0e-920d54f70511",
    "color" : "#FFFFFF",
    "position" : {
      "x" : -12.708204,
      "y" : -23.18034,
      "z" : 26.416409
    }
  }, {
    "shape" : "adb82893-e276-4184-b940-bc171dc964ca",
    "color" : "#F0A000",
    "position" : {
      "x" : -8.472136,
      "y" : 18.944271,
      "z" : 18.944271
    },
    "orientation" : 22
  }, {
    "shape" : "adb82893-e276-4184-b940-bc171dc964ca",
    "color" : "#F0A000",
    "position" : {
      "x" : 49.59675,
      "y" : 5.854102,
      "z" : 23.798374
    },
    "orientation" : 22
  }, {
    "shape" : "adb82893-e276-4184-b940-bc171dc964ca",
    "color" : "#F0A000",
    "position" : {
      "x" : 23.18034,
      "y" : 17.944271,
      "z" : 31.652475
    },
    "orientation" : 7
  }, {
    "shape" : "0c540afc-2e2a-44ff-bc0e-920d54f70511",
    "color" : "#FFFFFF",
    "position" : {
      "x" : 0.0,
      "y" : -2.618034,
      "z" : -6.854102
    }
  }, {
    "shape" : "bcdff6b3-3041-4808-9f5a-1cff6c5261ff",
    "color" : "#007695",
    "position" : {
      "x" : -3.236068,
      "y" : 0.0,
      "z" : 49.59675
    },
    "orientation" : 24
  }, {
    "shape" : "0c540afc-2e2a-44ff-bc0e-920d54f70511",
    "color" : "#FFFFFF",
    "position" : {
      "x" : 36.888542,
      "y" : -1.0,
      "z" : 48.59675
    }
  }, {
    "shape" : "0c540afc-2e2a-44ff-bc0e-920d54f70511",
    "color" : "#FFFFFF",
    "position" : {
      "x" : 22.18034,
      "y" : 11.09017,
      "z" : -6.854102
    }
  }, {
    "shape" : "adb82893-e276-4184-b940-bc171dc964ca",
    "color" : "#F0A000",
    "position" : {
      "x" : 40.12461,
      "y" : -1.0,
      "z" : -1.0
    },
    "orientation" : 22
  }, {
    "shape" : "c1498069-f51d-48f0-8a6f-c6c9b3723d73",
    "color" : "#007695",
    "position" : {
      "x" : 53.832817,
      "y" : -6.236068,
      "z" : 7.472136
    },
    "orientation" : 52
  }, {
    "shape" : "0c540afc-2e2a-44ff-bc0e-920d54f70511",
    "color" : "#FFFFFF",
    "position" : {
      "x" : 53.832817,
      "y" : 26.416409,
      "z" : 4.236068
    }
  }, {
    "shape" : "adb82893-e276-4184-b940-bc171dc964ca",
    "color" : "#F0A000",
    "position" : {
      "x" : 76.01315,
      "y" : 21.18034,
      "z" : -1.0
    },
    "orientation" : 7
  }, {
    "shape" : "0c540afc-2e2a-44ff-bc0e-920d54f70511",
    "color" : "#FFFFFF",
    "position" : {
      "x" : -16.944271,
      "y" : 2.618034,
      "z" : 34.27051
    }
  }, {
